#Batch costTraining precTraining costValidation precValidation
500 0.8944337980349859 0.885866641998291 0.8506822325706482 0.8950999975204468
1000 0.725023777449131 0.9015166759490967 0.6859607204437256 0.9085999727249146
1500 0.6444475024104118 0.9107833504676819 0.611668159854412 0.9172000288963318
2000 0.5972732373714447 0.9168999791145325 0.5728149100840092 0.9218000173568726
2500 0.5504982939084371 0.9239333271980286 0.5290295902609825 0.9251000285148621
3000 0.5086763289302587 0.9282666444778442 0.4901355111181736 0.930899977684021
3500 0.49248219936192034 0.9304666519165039 0.47687846948206425 0.9322999715805054
4000 0.4540088925858339 0.9359666705131531 0.44133070876151326 0.9368000030517578
4500 0.4287235086818536 0.9400666952133179 0.4235801260203123 0.9387000203132629
5000 0.4100049408872922 0.9427000284194946 0.4072446738630533 0.9415000081062317
5500 0.38408735574086506 0.9462833404541016 0.38377701729983094 0.944599986076355
6000 0.3759265499363343 0.947950005531311 0.3780300021931529 0.9452999830245972
6500 0.34770821695029736 0.9520333409309387 0.3549473003849387 0.9495999813079834
7000 0.3352175469895204 0.9541500210762024 0.3410709550783038 0.951200008392334
7500 0.3242796843732397 0.9554833173751831 0.3344136520653963 0.9521999955177307
8000 0.30400323311636845 0.957966685295105 0.3152399991467595 0.9556999802589417
8500 0.3044969781229893 0.9577000141143799 0.31491978705078366 0.9550999999046326
9000 0.2834529002636671 0.9612666964530945 0.2994396309539676 0.9578999876976013
9500 0.2715786300907532 0.9631999731063843 0.288845285577327 0.9605000019073486
10000 0.26152256412605446 0.9643499851226807 0.2795860813908279 0.9620000123977661
10500 0.25531689370622235 0.9656000137329102 0.2751234597548842 0.9620000123977661
11000 0.2496831695375343 0.9667999744415283 0.2732300064347684 0.9624999761581421
11500 0.23901399458795786 0.9677833318710327 0.26242721669077873 0.9627000093460083
12000 0.2337600771740079 0.9693499803543091 0.25695992623493075 0.9646000266075134
12500 0.22944914072553316 0.9694833159446716 0.2557031805194914 0.9646000266075134
13000 0.21737897707099715 0.9711833596229553 0.24517819785177708 0.9660999774932861
13500 0.22270841218580803 0.9707000255584717 0.2497071025773883 0.9656000137329102
14000 0.20870043547699849 0.97243332862854 0.24023140549585223 0.9675999879837036
14500 0.20163292780965567 0.973800003528595 0.2346068713337183 0.9679999947547913
15000 0.19849013255909084 0.9739999771118164 0.23149634959176182 0.9684000015258789
15500 0.19161754746114215 0.9758666753768921 0.22701879048123955 0.9682000279426575
16000 0.18856087372352678 0.975600004196167 0.22495650805830955 0.9690999984741211
16500 0.18185174504692356 0.9767500162124634 0.21894183334782719 0.9699000120162964
17000 0.18560394886905948 0.9765833616256714 0.22358201334290206 0.9696999788284302
17500 0.17297803850869337 0.9779666662216187 0.2114705097127706 0.9702000021934509
18000 0.16817331147926548 0.9785000085830688 0.2070931426823139 0.9706000089645386
18500 0.1641913029400011 0.9792500138282776 0.20403211209364236 0.9715999960899353
19000 0.16139098227247595 0.9799000024795532 0.20289561334103345 0.9718999862670898
19500 0.16204630440746745 0.9798666834831238 0.20512973985895513 0.972000002861023
20000 0.15535748987992604 0.9804166555404663 0.1990412907321006 0.9728000164031982
20500 0.1537819691012303 0.981083333492279 0.1996883709438145 0.9722999930381775
21000 0.1479460206689934 0.9815000295639038 0.19425201336666942 0.972599983215332
21500 0.1488271223599712 0.9818000197410583 0.19574071349613367 0.9735999703407288
22000 0.14460886792987585 0.9822499752044678 0.19251647170558572 0.972100019454956
22500 0.14006176807191223 0.9829999804496765 0.1888497224636376 0.9736999869346619
23000 0.1457170298943917 0.9820166826248169 0.1942175910498947 0.9736999869346619
23500 0.1381037099448343 0.9829666614532471 0.18972503543123603 0.9743000268936157
24000 0.1328362897090614 0.9839666485786438 0.18517907929793 0.9746000170707703
24500 0.13225287679620087 0.9839000105857849 0.1830380930453539 0.9742000102996826
25000 0.12718390865847468 0.9843833446502686 0.1804587377320975 0.9757999777793884
25500 0.1309432526593407 0.98416668176651 0.186853196041286 0.9753000140190125
26000 0.12353653583067159 0.9850666522979736 0.17908651258647443 0.9764000177383423
26500 0.12530720000329118 0.9851333498954773 0.18177043002471327 0.975600004196167
27000 0.11843886393650124 0.9856666922569275 0.1757259286634624 0.9760000109672546
27500 0.11933017154770593 0.9857166409492493 0.17683238957226277 0.9764000177383423
28000 0.11674098298512399 0.9858499765396118 0.1757129818700254 0.9749000072479248
28500 0.11237219066520532 0.986383318901062 0.17207396584711968 0.9765999913215637
29000 0.113560350847058 0.9864833354949951 0.17321648197211326 0.9760000109672546
29500 0.11003661128624032 0.9868333339691162 0.1712504976341501 0.9765999913215637
30000 0.10817315135517468 0.9869666695594788 0.17009529489483685 0.9775000214576721
30500 0.10527508171151082 0.9875500202178955 0.16798473881520332 0.9768999814987183
31000 0.10863042375730972 0.9872333407402039 0.1696803710244596 0.9760000109672546
31500 0.10364296368056287 0.98785001039505 0.16873850014191122 0.9779000282287598
32000 0.1020195237149795 0.9879166483879089 0.16545630438029765 0.9768999814987183
32500 0.1012196839094162 0.9880666732788086 0.16452950301077218 0.9775999784469604
33000 0.09974937219185134 0.9881500005722046 0.1647597997173667 0.9785000085830688
33500 0.09603006449919194 0.9887499809265137 0.16147405981812626 0.9786999821662903
34000 0.09552209423249587 0.9889666438102722 0.16380642761439085 0.977400004863739
34500 0.09540516910944134 0.9888333082199097 0.16181176882740111 0.9783999919891357
35000 0.09257091063652187 0.9890666604042053 0.16149279558490962 0.9783999919891357
35500 0.09052689658099164 0.9892833232879639 0.1591542863158509 0.978600025177002
36000 0.09143399057360366 0.9894833564758301 0.16196737068220973 0.9782000184059143
36500 0.08853667245376855 0.9895166754722595 0.15923386063138023 0.9778000116348267
37000 0.08708496980338047 0.989633321762085 0.15932026092810556 0.9789000153541565
37500 0.08724200618087004 0.9898666739463806 0.15786714199967683 0.978600025177002
38000 0.0845825692165643 0.9902833104133606 0.1566640023357235 0.979200005531311
38500 0.08360608721363048 0.9902833104133606 0.15464782469403 0.9794999957084656
39000 0.08159841407909989 0.9905833601951599 0.15414991551432758 0.9794999957084656
39500 0.08176422750453154 0.990149974822998 0.1563640134180896 0.9794999957084656
40000 0.08028025503903627 0.9906666874885559 0.15721360683701932 0.9790999889373779
40500 0.079939738371782 0.9908499717712402 0.1558286879008636 0.9787999987602234
41000 0.07786493687930827 0.9908666610717773 0.15518910131417216 0.9790999889373779
41500 0.07821434113277743 0.9912333488464355 0.15473778542689978 0.9797000288963318
42000 0.07715605232641101 0.9909499883651733 0.15473726390749215 0.9793999791145325
42500 0.0740570500779897 0.9914166927337646 0.1518837565052323 0.9803000092506409
43000 0.07261882320934286 0.9914666414260864 0.1499748048402369 0.9797999858856201
43500 0.07662320391082515 0.991599977016449 0.1569709645535797 0.9793000221252441
44000 0.07157123657191793 0.9915666580200195 0.15125207958053796 0.9797999858856201
44500 0.07488314802770814 0.9914666414260864 0.15539593160301446 0.9797999858856201
45000 0.07154206618359313 0.9916666746139526 0.1538200042616576 0.9793999791145325
45500 0.06821518730806808 0.9919333457946777 0.1491097808836028 0.9797999858856201
46000 0.06897123268873741 0.9921333193778992 0.15086052538864314 0.9796000123023987
46500 0.06877450025221334 0.9921500086784363 0.15293246682332828 0.9789999723434448
47000 0.06719360990257313 0.9923999905586243 0.1504168661572039 0.9800000190734863
47500 0.06727440857406085 0.9922166466712952 0.15149615443814546 0.9793000221252441
48000 0.06518300546966493 0.9925500154495239 0.15009851767718793 0.9803000092506409
48500 0.06616506409893433 0.9924333095550537 0.15053957521477715 0.9797000288963318
49000 0.06383835210649608 0.9926999807357788 0.15049841882949694 0.9793999791145325
49500 0.06232218938705822 0.9927999973297119 0.14723982606893404 0.980400025844574
50000 0.06111153478639511 0.9928500056266785 0.14864583506728524 0.9803000092506409
50500 0.06344461013491576 0.9927166700363159 0.14980855759251863 0.9797000288963318
51000 0.0615741134539557 0.9931166768074036 0.1503932986074127 0.9800000190734863
51500 0.05926196837527677 0.9931833148002625 0.14673087647398933 0.980400025844574
52000 0.05932974018150319 0.9931833148002625 0.14814281513364985 0.9801999926567078
52500 0.0586453295178401 0.993233323097229 0.14765898977029138 0.9803000092506409
53000 0.060484018840113035 0.993066668510437 0.14956004808470608 0.9797000288963318
53500 0.05678918295234131 0.9934333562850952 0.1461214721285738 0.9807999730110168
54000 0.05587084005277914 0.9936666488647461 0.14577834442975 0.9803000092506409
54500 0.05641714013827344 0.9936833381652832 0.1474201856658794 0.9800999760627747
55000 0.05486603094468204 0.9937666654586792 0.14577078635822982 0.980400025844574
55500 0.05570648823250085 0.9938666820526123 0.14636484487783163 0.9807999730110168
56000 0.05433519618655555 0.9937000274658203 0.1451406026698649 0.9801999926567078
56500 0.055049089342510946 0.9938333630561829 0.14593108379784972 0.9807999730110168
57000 0.052238901682011785 0.9939833283424377 0.14307938691396266 0.9807999730110168
57500 0.05205368999230365 0.9940666556358337 0.14583187447572127 0.9804999828338623
58000 0.0509087474739179 0.994183361530304 0.1446340794084128 0.9807999730110168
58500 0.05183545784341792 0.9942333102226257 0.1443852289043367 0.9807000160217285
59000 0.05036728076846339 0.9943166375160217 0.1449156060972251 0.9811000227928162
59500 0.05002327418215573 0.9943833351135254 0.14421196889597923 0.9811999797821045
60000 0.04955589291076176 0.9944833517074585 0.14376846498055385 0.9807999730110168
60500 0.049406519558249665 0.9944000244140625 0.14436334896553307 0.9805999994277954
61000 0.0479330508694984 0.994616687297821 0.14343702681967987 0.9818000197410583
61500 0.048118494623573496 0.9945833086967468 0.14436393270893022 0.9807999730110168
62000 0.04763512024700176 0.994700014591217 0.1429099941640161 0.9807999730110168
62500 0.04734905191205131 0.9946500062942505 0.1436488038391806 0.9810000061988831
63000 0.046017544659894584 0.9947999715805054 0.1431451617489569 0.9807000160217285
63500 0.04530479456743536 0.994949996471405 0.1419445698338328 0.9811999797821045
64000 0.04505994262883129 0.9950166940689087 0.14176102746883407 0.9810000061988831
64500 0.044662318997224795 0.995033323764801 0.1422691504085902 0.9815999865531921
65000 0.044495760772625605 0.994949996471405 0.14151116886679083 0.9807000160217285
65500 0.043891814306611196 0.9950000047683716 0.1420605487117544 0.9812999963760376
66000 0.04378192090385904 0.9951500296592712 0.14238814208088443 0.9807000160217285
66500 0.04371706320995775 0.9950833320617676 0.14318815719336273 0.9811000227928162
67000 0.04250807282010404 0.9951333403587341 0.14185808107438497 0.98089998960495
67500 0.044179694585626324 0.9951333403587341 0.14280288795749657 0.9815000295639038
68000 0.04204627451937025 0.9952666759490967 0.14040323287977372 0.9815999865531921
68500 0.04138740302328952 0.9954000115394592 0.14062898889961653 0.9811999797821045
69000 0.04161638035215438 0.9953166842460632 0.1429161234884057 0.9811000227928162
69500 0.041479927617854746 0.9953666925430298 0.14109310756931082 0.98089998960495
70000 0.04053742041879644 0.9954333305358887 0.1410309642558219 0.9815000295639038
70500 0.040014674545001856 0.9954666495323181 0.14144415592914447 0.9810000061988831
71000 0.03975716616474092 0.9955166578292847 0.14145238938517868 0.9810000061988831
71500 0.039555042699708914 0.9955333471298218 0.1414258764686063 0.9814000129699707
72000 0.03874435171905594 0.9955499768257141 0.13985854526921176 0.9815000295639038
72500 0.039866553609383605 0.9955999851226807 0.14290771836428903 0.98089998960495
73000 0.03820410029211392 0.9955666661262512 0.140353159135906 0.9812999963760376
73500 0.038448290211459 0.9955833554267883 0.14059703587496186 0.9815000295639038
74000 0.03851916273307676 0.9957000017166138 0.14167759548546746 0.9812999963760376
74500 0.03705103385799254 0.9957666397094727 0.14070684384158813 0.9815000295639038
75000 0.036773327901369585 0.9956833124160767 0.14033383804671468 0.9814000129699707
75500 0.03633413335921553 0.9956833124160767 0.14096316071781329 0.9815999865531921
76000 0.03599171490548179 0.9957833290100098 0.13979923641886563 0.9810000061988831
76500 0.035804327844556734 0.9958333373069763 0.14031382490801625 0.9811000227928162
77000 0.03532743985564448 0.9957500100135803 0.13899514896180482 0.98089998960495
77500 0.03572152978437953 0.9958500266075134 0.14099273210156243 0.9810000061988831
78000 0.03549732711079996 0.9958666563034058 0.14025418050573207 0.9811999797821045
78500 0.0354088804061835 0.9959166646003723 0.14050710798234214 0.9815000295639038
79000 0.034567231729890534 0.9958999752998352 0.14050484401872382 0.9811999797821045
79500 0.03385171911078505 0.9959333539009094 0.13998926285752095 0.98089998960495
80000 0.03361763524947067 0.9960166811943054 0.13937736769728362 0.9814000129699707
80500 0.033784224696069336 0.9959999918937683 0.14055668197087945 0.9812999963760376
81000 0.03314356965928649 0.9959666728973389 0.13811766465934924 0.9812999963760376
81500 0.03318337772876645 0.9960166811943054 0.1393179226419423 0.9811000227928162
82000 0.03356516135513472 0.9960333108901978 0.1402485778846778 0.9810000061988831
82500 0.03228277837367107 0.996066689491272 0.13815438626604154 0.9811999797821045
83000 0.032402721801198395 0.996150016784668 0.1405504994847346 0.98089998960495
83500 0.031717115282670905 0.9961166381835938 0.13968976156923454 0.9814000129699707
84000 0.03204528772570193 0.9961166381835938 0.1389857280958444 0.9811999797821045
84500 0.03135242313311125 0.9961166381835938 0.13990999707120935 0.9807999730110168
85000 0.03144108836118442 0.9962666630744934 0.13999389498042875 0.9817000031471252
85500 0.03064771071046901 0.9962666630744934 0.13824140426802914 0.9811999797821045
86000 0.030401264200980466 0.9962166547775269 0.13966806736977305 0.9810000061988831
86500 0.030773956577448795 0.9962499737739563 0.14025835895962083 0.9811999797821045
87000 0.03011465974811775 0.9962833523750305 0.13831166098134126 0.9811999797821045
87500 0.03018107454244358 0.9962499737739563 0.13999158413875848 0.9811999797821045
88000 0.03007771681942977 0.99631667137146 0.1394912656695582 0.9810000061988831
88500 0.029653090549074113 0.9962833523750305 0.1396925566541031 0.9815999865531921
89000 0.029362401016801595 0.99631667137146 0.13863845965212676 0.9811999797821045
89500 0.029425492495174208 0.9963666796684265 0.13826038341496605 0.9814000129699707
90000 0.02890996889669914 0.9964333176612854 0.1390124163715751 0.9807999730110168
90500 0.029394325165171178 0.996399998664856 0.13941172229390358 0.9810000061988831
91000 0.02916211151954097 0.9964333176612854 0.13873569471363445 0.9817000031471252
91500 0.02823514373525977 0.9964333176612854 0.13768069212237605 0.9815000295639038
92000 0.028138186842311796 0.9964666962623596 0.1394090540047735 0.9815000295639038
92500 0.02819669016179784 0.9965333342552185 0.13742957782533485 0.9818000197410583
93000 0.027921785669145174 0.9965000152587891 0.1386275346325012 0.9810000061988831
93500 0.02767777127675557 0.9965166449546814 0.13886928044320085 0.9819999933242798
94000 0.027297080689265084 0.9965500235557556 0.1372084293714026 0.9815999865531921
94500 0.027509148199887326 0.9965999722480774 0.13787120392861543 0.9814000129699707
95000 0.027218637401827922 0.9965333342552185 0.13755238180295565 0.9812999963760376
95500 0.027360256957806025 0.9966333508491516 0.13844317314834334 0.9810000061988831
96000 0.026601438019657506 0.9966333508491516 0.13744399294944015 0.9815000295639038
96500 0.026592809948472615 0.996649980545044 0.13803298601896968 0.9811999797821045
97000 0.026664374495949595 0.9966166615486145 0.13854032451320672 0.9812999963760376
97500 0.026648948776729714 0.996649980545044 0.13778885309698527 0.9811000227928162
98000 0.026234526884478207 0.9966333508491516 0.1378933042271994 0.9810000061988831
98500 0.02588881250740184 0.9966833591461182 0.13821057140725898 0.9814000129699707
99000 0.025893422632291913 0.996649980545044 0.1378090324609773 0.9815999865531921
99500 0.025653603181623234 0.9967166781425476 0.13839533730554393 0.9814000129699707
100000 0.025771612848876975 0.9966999888420105 0.13876590238197242 0.9807000160217285
100500 0.025118647767137736 0.9967666864395142 0.13775680354889483 0.9812999963760376
101000 0.025083023793514198 0.9967333078384399 0.1385540939528495 0.9812999963760376
101500 0.02523733410613301 0.9967166781425476 0.1381665986567503 0.98089998960495
102000 0.025118638559888738 0.9967333078384399 0.1384603968178504 0.9817000031471252
102500 0.02455931302154592 0.9967833161354065 0.13786204993848222 0.9815000295639038
103000 0.02449304788375739 0.9968000054359436 0.13735593758184694 0.9814000129699707
103500 0.024310682796958524 0.996749997138977 0.1375012557373615 0.9815000295639038
104000 0.024341373610077426 0.996833324432373 0.13799225212857127 0.9814000129699707
104500 0.024044626257343528 0.9968500137329102 0.13909205549261533 0.9815000295639038
105000 0.02440315443794243 0.9968500137329102 0.13866535835468677 0.9810000061988831
105500 0.02388255965715895 0.9968166947364807 0.13774350356368814 0.9810000061988831
106000 0.023466317980666646 0.9969000220298767 0.13800992484615418 0.9817000031471252
106500 0.02375939906539085 0.9968500137329102 0.13777244353493442 0.9814000129699707
107000 0.023493356519790055 0.9968833327293396 0.13790294867468764 0.9811999797821045
107500 0.024139396633114665 0.9969000220298767 0.13925828247439348 0.9811000227928162
108000 0.022882463210619364 0.9969000220298767 0.138482329503051 0.9810000061988831
108500 0.023086350136816813 0.9968666434288025 0.13820960177882807 0.980400025844574
109000 0.023001787931014164 0.9969833493232727 0.13861548122968526 0.9810000061988831
109500 0.022590512537995044 0.9969666600227356 0.13807188307081814 0.98089998960495
110000 0.022691014732715363 0.9969833493232727 0.13864363983192016 0.9811999797821045
110500 0.02233945592098559 0.9969333410263062 0.1374455136111588 0.9817000031471252
111000 0.02227972501159335 0.9969666600227356 0.13825965292912443 0.9814000129699707
111500 0.022242069626941034 0.996999979019165 0.13858026017865632 0.9814000129699707
112000 0.021982283962261862 0.9969666600227356 0.13881318087220426 0.9812999963760376
112500 0.021846199125602532 0.9970166683197021 0.13836891600200907 0.9815000295639038
113000 0.021741198723988296 0.9969833493232727 0.13827961055435006 0.9811000227928162
113500 0.021870865857577883 0.996999979019165 0.13836547142505295 0.9814000129699707
114000 0.021615304625127466 0.9970666766166687 0.13853991232438712 0.9814000129699707
114500 0.02151180671774782 0.9970499873161316 0.13914738120682305 0.9807000160217285
115000 0.021407787400561696 0.9970666766166687 0.13846967965512302 0.9817000031471252
115500 0.02115925460042587 0.9970499873161316 0.13787857187258196 0.9811000227928162
116000 0.021191425711044577 0.997083306312561 0.1385973972292035 0.9812999963760376
116500 0.021011210919031874 0.9970333576202393 0.13730460507675307 0.9815999865531921
117000 0.02080580939933813 0.9970666766166687 0.13752880451715319 0.9815999865531921
117500 0.020836699682326678 0.997083306312561 0.13874492878285236 0.9811999797821045
118000 0.020716179866949097 0.9970666766166687 0.13826329283543165 0.9815000295639038
118500 0.020541600838214314 0.9970666766166687 0.13824405651568086 0.9814000129699707
119000 0.020773838610729824 0.9970999956130981 0.13865201798730994 0.9810000061988831
119500 0.02042583337222459 0.9970666766166687 0.13764901368666324 0.9815000295639038
120000 0.02053162346476068 0.9970666766166687 0.13801147956873755 0.9810000061988831
120500 0.020334524922876154 0.9970999956130981 0.1378101781835314 0.9811000227928162
121000 0.020165070126857608 0.9970999956130981 0.13884990291135035 0.98089998960495
121500 0.020141214106511325 0.9970999956130981 0.13850215825260384 0.9811000227928162
122000 0.020082656677338915 0.9971333146095276 0.13804735033472534 0.9812999963760376
122500 0.020107461728714405 0.9970999956130981 0.139030312694225 0.9811000227928162
123000 0.019887936596238675 0.9971166849136353 0.138050694575964 0.9811000227928162
123500 0.019742850198740294 0.9971333146095276 0.13798063708901173 0.9814000129699707
124000 0.019788888973804812 0.9971500039100647 0.13855635196480434 0.9814000129699707
124500 0.019751580800954252 0.9971333146095276 0.13836264763450018 0.9812999963760376
125000 0.019654193691913194 0.9971333146095276 0.13785309921729494 0.9815999865531921
125500 0.01948463082136198 0.9971666932106018 0.13796307930973709 0.9810000061988831
126000 0.01946317548947409 0.9971500039100647 0.13765419118450373 0.9815000295639038
126500 0.01991864241923128 0.9971666932106018 0.13982782637504862 0.980400025844574
127000 0.01932704872332979 0.9971333146095276 0.13836749683554517 0.9811000227928162
127500 0.01917274997252971 0.9971666932106018 0.13801621286502924 0.9814000129699707
128000 0.019261217955787044 0.9971666932106018 0.13715432883377654 0.9815000295639038
128500 0.019225162680012484 0.9971500039100647 0.13833872222524368 0.9814000129699707
129000 0.019047095619056684 0.9971666932106018 0.137795173995191 0.9811000227928162
129500 0.01898048065827849 0.9971500039100647 0.13840789810016285 0.98089998960495
130000 0.019058179613738322 0.9971833229064941 0.13749441705951468 0.9815999865531921
130500 0.019009540797385854 0.9972000122070312 0.13831259248388234 0.9814000129699707
131000 0.018766200735082384 0.9971833229064941 0.13800883582954412 0.9811000227928162
131500 0.018838215227405697 0.9972000122070312 0.13852450510396738 0.9814000129699707
132000 0.018637387603218668 0.9971833229064941 0.13793188882364776 0.9815000295639038
132500 0.018666984115804856 0.9972166419029236 0.13832897183136666 0.9814000129699707
133000 0.018797885925326652 0.9972166419029236 0.13840759782636888 0.9815999865531921
133500 0.018996638430286355 0.9972666501998901 0.13982676630535862 0.9804999828338623
134000 0.018644862805559145 0.9972500205039978 0.13850586545515106 0.9815000295639038
134500 0.018347054810162324 0.9972333312034607 0.1378909376267693 0.9810000061988831
135000 0.018360900231753477 0.9972666501998901 0.13737560836267076 0.9818000197410583
135500 0.01829524947744018 0.9973000288009644 0.13866616743798368 0.9807999730110168
136000 0.018178291598540574 0.9972500205039978 0.13843899705855292 0.98089998960495
136500 0.01807208309501099 0.9973000288009644 0.1377314162938448 0.9810000061988831
137000 0.01814155587342878 0.9972833395004272 0.13826379422975005 0.9814000129699707
137500 0.018007363096655658 0.9973000288009644 0.13766767282100628 0.9814000129699707
138000 0.018065040679865828 0.9973333477973938 0.13830985270728124 0.9812999963760376
138500 0.017813550388087362 0.9973000288009644 0.13767218417492696 0.9811999797821045
139000 0.017836456640639032 0.9973166584968567 0.137841573594074 0.9812999963760376
139500 0.01773139997863133 0.9973166584968567 0.13767336763004423 0.9811999797821045
140000 0.017610737017235565 0.9973333477973938 0.13777888701508054 0.9818000197410583
140500 0.017702879105869214 0.9973666667938232 0.13778303551409044 0.9812999963760376
141000 0.017835079626350975 0.9973499774932861 0.13773280042361002 0.9817000031471252
141500 0.017611864627335064 0.9974166750907898 0.138317693932401 0.9812999963760376
142000 0.017459423247810142 0.9973499774932861 0.1385457866128185 0.9811000227928162
142500 0.01762940630648906 0.9974166750907898 0.13820281594353728 0.9814000129699707
143000 0.017294715043688968 0.9974166750907898 0.13832837340001133 0.9811999797821045
143500 0.01725072314509113 0.9973999857902527 0.1378036487534293 0.9814000129699707
144000 0.017191136180143802 0.9974166750907898 0.13749287725535686 0.9815000295639038
144500 0.017095640144380742 0.9973999857902527 0.13794886444704607 0.9812999963760376
145000 0.01706414814859939 0.9974333047866821 0.13732797513074474 0.982200026512146
145500 0.016972752197936643 0.9974166750907898 0.1379101975369267 0.9812999963760376
146000 0.016919574098517964 0.9974166750907898 0.1378008207573206 0.9812999963760376
146500 0.016883339967105226 0.9974333047866821 0.13800690598132787 0.9812999963760376
147000 0.0169338558852983 0.9974166750907898 0.13765600333753975 0.9814000129699707
147500 0.016715632005323035 0.9974499940872192 0.13787185561290827 0.9815999865531921
148000 0.016803866400239835 0.9974666833877563 0.13756783262493555 0.9814000129699707
148500 0.016654857384972275 0.9974499940872192 0.13794427560154 0.9818999767303467
149000 0.0165858732625163 0.9974666833877563 0.13776090685331438 0.9815000295639038
149500 0.016598472929858447 0.9974666833877563 0.1379994846958405 0.9815000295639038
150000 0.01646542379692352 0.9974499940872192 0.13776555900334497 0.9812999963760376
150500 0.01660534387572746 0.9974666833877563 0.1378914289972512 0.9818000197410583
151000 0.016361744828743394 0.9974666833877563 0.13729607334515312 0.9821000099182129
151500 0.016388292316308554 0.9974666833877563 0.13769703920235332 0.9815000295639038
152000 0.01636866751048365 0.9974666833877563 0.1370755304595863 0.9815999865531921
152500 0.016351136194573096 0.9974833130836487 0.1379303496934881 0.9814000129699707
153000 0.016266736016059682 0.9974666833877563 0.13793086183314446 0.9811999797821045
153500 0.01609966601965716 0.9974833130836487 0.13717782834178943 0.9821000099182129
154000 0.01612854912537926 0.9974666833877563 0.13791955626299024 0.9814000129699707
154500 0.016105293388480397 0.9974833130836487 0.13764221920217387 0.9814000129699707
155000 0.016217255908662142 0.9974833130836487 0.1375702202519926 0.9817000031471252
155500 0.015963641084427944 0.9975000023841858 0.13697409819922177 0.9818999767303467
156000 0.016214861508191097 0.9975000023841858 0.1370084663511836 0.9815999865531921
156500 0.015813281384620737 0.9975000023841858 0.13739763002913677 0.9818000197410583
157000 0.01579133942608411 0.9975000023841858 0.13747479026367074 0.9817000031471252
157500 0.015703956454596484 0.9975000023841858 0.13724764769537431 0.9815999865531921
158000 0.015655894626985536 0.9975000023841858 0.13742296561806872 0.9812999963760376
158500 0.015646628646762112 0.9975000023841858 0.13770258611994213 0.9812999963760376
159000 0.015580037641651385 0.9975166916847229 0.137758718449765 0.9817000031471252
159500 0.015885447215579915 0.9975166916847229 0.13745119467328767 0.9814000129699707
160000 0.015537246600907141 0.9975166916847229 0.1372862441283476 0.9815000295639038
160500 0.015445850204992652 0.9975166916847229 0.13762009642107878 0.9811999797821045
161000 0.015502868405682966 0.9975166916847229 0.13756771563460934 0.9815999865531921
161500 0.015341167719047128 0.9975333213806152 0.13738576300025743 0.9815000295639038
162000 0.015484626202098055 0.9975166916847229 0.13822653289973386 0.9811000227928162
162500 0.01531333059585886 0.9975166916847229 0.13693498149581138 0.9821000099182129
163000 0.015229149879517111 0.9975166916847229 0.13717729302009102 0.9814000129699707
163500 0.015215544389378435 0.9975500106811523 0.13752287118366222 0.9814000129699707
164000 0.015195344099850627 0.9975333213806152 0.13717088580688577 0.9817000031471252
164500 0.015457312027229152 0.9975333213806152 0.13827162427454895 0.9819999933242798
165000 0.01519739229651362 0.9975333213806152 0.13751568985157647 0.9818999767303467
165500 0.015333611375182712 0.9975833296775818 0.13765694073668563 0.9817000031471252
166000 0.014980610235908534 0.9975666403770447 0.1374084055250627 0.9815000295639038
166500 0.015015893289155792 0.9975666403770447 0.1373557972309296 0.9815999865531921
167000 0.014984220809248897 0.9975666403770447 0.137601562275624 0.9818000197410583
167500 0.015049198947307498 0.9975833296775818 0.13729020191845193 0.9818000197410583
168000 0.014954462420389367 0.9975666403770447 0.1381790448479791 0.9814000129699707
168500 0.014851341647169707 0.9975833296775818 0.13741850374340428 0.9812999963760376
169000 0.01489445230224325 0.9975833296775818 0.13793440446968597 0.9812999963760376
169500 0.014934050963852011 0.9975833296775818 0.13825869962638826 0.9810000061988831
170000 0.014725877153826877 0.9975833296775818 0.13811709227521204 0.9815000295639038
170500 0.01465719427812534 0.9975833296775818 0.13754080878550012 0.9814000129699707
171000 0.014648073430357423 0.9975833296775818 0.13742757761010727 0.9815000295639038
171500 0.01454621689216971 0.9975833296775818 0.13730484952125116 0.9817000031471252
172000 0.014586994658226224 0.9976000189781189 0.13721456672779167 0.9815000295639038
172500 0.014519996926438761 0.9976000189781189 0.13752640802222305 0.9812999963760376
173000 0.014520488326620156 0.9975833296775818 0.13740098392257932 0.9814000129699707
173500 0.014554210370214423 0.9976000189781189 0.13716893689401913 0.9812999963760376
174000 0.014575057873358796 0.9976000189781189 0.1376041188033443 0.9815000295639038
174500 0.014690573218294109 0.9976166486740112 0.13724676705549355 0.9811999797821045
175000 0.014325616068796565 0.9976000189781189 0.13724949556251523 0.9818999767303467
175500 0.014289815400841569 0.9976000189781189 0.13723660808153218 0.9818000197410583
176000 0.014255634200021934 0.9976000189781189 0.13744849007084267 0.9818000197410583
176500 0.01423020002436242 0.9976000189781189 0.13759520643940487 0.9818999767303467
177000 0.014186364695654872 0.9976000189781189 0.13760018747920694 0.9815000295639038
177500 0.014155215945914582 0.9976166486740112 0.13725652562849283 0.9818000197410583
178000 0.014184096235847876 0.9976166486740112 0.13718146620715851 0.9817000031471252
178500 0.014082741062405209 0.9976000189781189 0.13745964309828415 0.9815999865531921
179000 0.014069366453879047 0.9976000189781189 0.13744914548616508 0.9817000031471252
179500 0.014051141978373441 0.9976166486740112 0.1373783495458716 0.9814000129699707
180000 0.01401944893191103 0.9976000189781189 0.13740078413604642 0.9815999865531921
180500 0.014017015662389653 0.9976166486740112 0.13728041220527668 0.9815000295639038
181000 0.013958029705641093 0.9976166486740112 0.1369483677298762 0.9818999767303467
181500 0.013986130110529484 0.9976166486740112 0.1373115754296683 0.9815999865531921
182000 0.013941731962980703 0.9976166486740112 0.13787210057364427 0.9815000295639038
182500 0.013867767820998172 0.9976166486740112 0.13725816382476186 0.9817000031471252
183000 0.013875091492844513 0.9976166486740112 0.13706614543677714 0.9818999767303467
183500 0.013813717603400194 0.9976166486740112 0.13761360309901646 0.9815000295639038
184000 0.01377816951663117 0.9976166486740112 0.13721562260287756 0.9815999865531921
184500 0.013779046871720735 0.9976166486740112 0.137102768396397 0.9817000031471252
185000 0.0138312824855675 0.9976166486740112 0.1379254297359439 0.9814000129699707
185500 0.013756181495335962 0.9976166486740112 0.1370774056903232 0.9818000197410583
186000 0.01370211068886953 0.9976166486740112 0.1373982030578947 0.9817000031471252
186500 0.013679966467129998 0.9976166486740112 0.13728950857086747 0.9818999767303467
187000 0.013765583299907545 0.9976166486740112 0.1369791164936556 0.9815999865531921
187500 0.013614970127944253 0.9976166486740112 0.13704049773926819 0.9818000197410583
188000 0.013687679282428386 0.9976166486740112 0.1369461709512718 0.9818999767303467
188500 0.013595052552203803 0.9976166486740112 0.13727033666063215 0.9817000031471252
189000 0.013609746302805918 0.9976333379745483 0.13671266670682816 0.9817000031471252
189500 0.013549100189026407 0.9976500272750854 0.13711253003196616 0.9817000031471252
190000 0.013562623616494239 0.9976666569709778 0.1373751716441242 0.9819999933242798
190500 0.01359316774858938 0.9976666569709778 0.1369813902636932 0.9818000197410583
191000 0.013485604625181682 0.9976666569709778 0.13743498522641895 0.9815000295639038
191500 0.013430035002711034 0.9976666569709778 0.13735507820533094 0.9817000031471252
192000 0.013525191794108831 0.9976833462715149 0.13793169542125833 0.9812999963760376
192500 0.013402843972463354 0.9976833462715149 0.1368895382962306 0.9818999767303467
193000 0.013351011622675771 0.9976833462715149 0.13704665066778543 0.9815999865531921
193500 0.013358254468714586 0.9976833462715149 0.13714575038266047 0.982200026512146
194000 0.01334522115458191 0.9976833462715149 0.1371764240449149 0.9817000031471252
194500 0.013271472732855666 0.9976999759674072 0.13670790070281363 0.9818999767303467
195000 0.01374581471182173 0.9976999759674072 0.13871141198185505 0.9812999963760376
195500 0.013209521094333225 0.9976999759674072 0.13688034154245252 0.9818999767303467
196000 0.013226747323320402 0.9976999759674072 0.13708848933643458 0.9818000197410583
196500 0.013171082734314648 0.9976999759674072 0.13679789433307887 0.9818999767303467
197000 0.013135278919832976 0.9976999759674072 0.13651815665767936 0.9818999767303467
197500 0.013113268110710003 0.9976999759674072 0.1368747910443635 0.9818999767303467
198000 0.013067020191507375 0.9976999759674072 0.13674734482861822 0.9819999933242798
198500 0.013094881533821656 0.9976999759674072 0.13696304312779103 0.9818000197410583
199000 0.01307079442506656 0.9976999759674072 0.13687360222888528 0.9818000197410583
199500 0.013002524378856954 0.9976999759674072 0.13683324087391374 0.9819999933242798
200000 0.012994170828377052 0.9977166652679443 0.1368755468014191 0.9818000197410583
200500 0.012959757859517898 0.9977166652679443 0.13696061743875615 0.9815999865531921
201000 0.012915501285144517 0.9977333545684814 0.13664884723385912 0.9818999767303467
201500 0.012909688410886641 0.9977333545684814 0.13706656295647118 0.9815999865531921
202000 0.01289680097886303 0.9977333545684814 0.13715311472744215 0.9819999933242798
202500 0.0129544354405031 0.9977333545684814 0.13718882618740463 0.9818000197410583
203000 0.012897129914469164 0.9977333545684814 0.13658969498110818 0.9818999767303467
203500 0.01282793266864901 0.9977333545684814 0.13690011924377468 0.9818000197410583
204000 0.012806765642735021 0.9977333545684814 0.13664203902174193 0.9817000031471252
204500 0.01279696691056597 0.9977333545684814 0.13657994945782412 0.982200026512146
205000 0.01276148903624174 0.9977333545684814 0.1369659532539692 0.9818999767303467
205500 0.012764210287339909 0.9977333545684814 0.13669782781295944 0.9818000197410583
206000 0.01275236636340657 0.9977333545684814 0.13705053345385532 0.9818000197410583
206500 0.012716951184878901 0.9977333545684814 0.13686529650703305 0.9818999767303467
207000 0.012739062967397815 0.9977333545684814 0.13672281369091943 0.9818000197410583
207500 0.012841203758500827 0.9977666735649109 0.1366752267550779 0.9821000099182129
208000 0.01266876898573343 0.9977333545684814 0.13716201517959709 0.9814000129699707
208500 0.012599433913309864 0.9977499842643738 0.1368649689665588 0.9817000031471252
209000 0.012573139192623786 0.9977499842643738 0.13669823944932433 0.9815999865531921
209500 0.012586640917590314 0.9977333545684814 0.13685188106450952 0.9818000197410583
210000 0.012552651074194 0.9977499842643738 0.1371329605293373 0.9817000031471252
210500 0.012543514410333592 0.9977499842643738 0.13699910509336916 0.9817000031471252
211000 0.012499722259413102 0.9977499842643738 0.13680949911209464 0.982200026512146
211500 0.012496725044117193 0.997783362865448 0.13686529264417768 0.9818999767303467
212000 0.012471433492356057 0.9977666735649109 0.13722422283456545 0.9818999767303467
212500 0.012452974448061043 0.9977666735649109 0.13676297008999536 0.9819999933242798
213000 0.012452392837325655 0.997783362865448 0.1367465538132994 0.9819999933242798
213500 0.012449984271329595 0.997783362865448 0.1372659038942409 0.9817000031471252
214000 0.012397513433754405 0.997783362865448 0.1370248470203369 0.9817000031471252
214500 0.012390867226273986 0.997783362865448 0.1370806079850532 0.9818000197410583
215000 0.012347279435954988 0.997783362865448 0.13678653276895203 0.9818999767303467
215500 0.012345980177874055 0.9977999925613403 0.1368235709623943 0.9818999767303467
216000 0.012321857691584349 0.9977999925613403 0.1368154525440943 0.9815999865531921
216500 0.012322730698045537 0.9977999925613403 0.1369574600162683 0.9821000099182129
217000 0.012317760146073609 0.9978166818618774 0.1367994894140429 0.9818000197410583
217500 0.01228392902444272 0.9978166818618774 0.1368258094338642 0.9817000031471252
218000 0.012271170684192718 0.9978166818618774 0.13657455564200646 0.9821000099182129
218500 0.012221387195250524 0.9978333115577698 0.1368808773941244 0.9817000031471252
219000 0.012197562420829975 0.9978166818618774 0.13673720737795667 0.982200026512146
219500 0.012287586864520562 0.9978333115577698 0.13697761762351873 0.9824000000953674
220000 0.012226571637836362 0.9978333115577698 0.13660348687420046 0.9822999835014343
220500 0.012132920811190464 0.9978166818618774 0.13689131683347514 0.9822999835014343
221000 0.012112429787964599 0.9978166818618774 0.13680665794775415 0.9822999835014343
221500 0.01212962226709933 0.9978166818618774 0.13694562162346993 0.9819999933242798
222000 0.012061195359900011 0.9978166818618774 0.13705023729616514 0.9824000000953674
222500 0.01206607344650062 0.9978333115577698 0.13727872797081217 0.9818000197410583
223000 0.012022799945614922 0.9978333115577698 0.1371993335255538 0.9821000099182129
223500 0.012026980815616359 0.9978333115577698 0.13685116309722944 0.9818999767303467
224000 0.012018608974883683 0.9978333115577698 0.13717195765445359 0.9818999767303467
224500 0.011984618447038034 0.9978333115577698 0.13710188654233935 0.9819999933242798
225000 0.011951366785749755 0.9978333115577698 0.13671985551854887 0.9825000166893005
225500 0.011936619344237261 0.9978333115577698 0.13689720301508787 0.9822999835014343
226000 0.011976978882574865 0.9978333115577698 0.13733783001247066 0.9822999835014343
226500 0.011941305854079352 0.9978333115577698 0.13729387192207068 0.9819999933242798
227000 0.011898405426670797 0.9978333115577698 0.13706786238925706 0.9822999835014343
227500 0.011914012576029443 0.9978333115577698 0.1370904116662714 0.9818000197410583
228000 0.011925350330740912 0.9978333115577698 0.1367865341536177 0.9824000000953674
228500 0.011846063065543422 0.9978333115577698 0.13692868105708914 0.9824000000953674
229000 0.01184436411789308 0.9978333115577698 0.1369267496599874 0.9828000068664551
229500 0.011826842143481675 0.9978333115577698 0.13652562915188174 0.9825000166893005
230000 0.011807158514192754 0.9978333115577698 0.1369730555692935 0.982699990272522
230500 0.011795591453418214 0.9978333115577698 0.13688022290675872 0.9821000099182129
231000 0.01180513103165625 0.9978333115577698 0.13686998366810876 0.982200026512146
231500 0.011826474561025195 0.9978333115577698 0.13719818054397037 0.9819999933242798
232000 0.01180742277938989 0.9978333115577698 0.13690639867822757 0.9821000099182129
232500 0.011728895323054166 0.9978333115577698 0.1369383317313739 0.9825000166893005
233000 0.011727937901231538 0.9978333115577698 0.1367504065894682 0.9822999835014343
233500 0.011714592638152924 0.9978500008583069 0.13712127734285895 0.9821000099182129
234000 0.011716779991988249 0.9978333115577698 0.13689080402857798 0.9818999767303467
234500 0.011700377114320872 0.9978333115577698 0.13664947632544935 0.9822999835014343
235000 0.011671468574769096 0.9978333115577698 0.1365768960225585 0.9825000166893005
235500 0.011678754879294623 0.9978500008583069 0.13686433812128818 0.9822999835014343
236000 0.01166384819339437 0.9978500008583069 0.13667804353689716 0.9822999835014343
236500 0.011662591484555741 0.9978500008583069 0.136650937254756 0.9824000000953674
237000 0.01163310086381777 0.9978500008583069 0.13670615167904615 0.982699990272522
237500 0.011611844817484961 0.9978500008583069 0.13691997590964894 0.9824000000953674
238000 0.011613850021222605 0.9978500008583069 0.1370045611670037 0.9824000000953674
238500 0.011593344351810326 0.9978500008583069 0.1370121335706659 0.9825999736785889
239000 0.011580798000619204 0.9978500008583069 0.1367620969075768 0.9822999835014343
239500 0.011582505120375815 0.9978500008583069 0.1368402432204355 0.982200026512146
240000 0.011594681320080418 0.9978500008583069 0.13683427256348513 0.9824000000953674
240500 0.011607626161988203 0.9978500008583069 0.13699017423195328 0.9821000099182129
241000 0.011549628674583316 0.9978500008583069 0.13705019369408983 0.9825000166893005
241500 0.011531953762989725 0.9978500008583069 0.13684842241892767 0.9825000166893005
242000 0.011535170829082684 0.9978500008583069 0.1371807631314019 0.9822999835014343
242500 0.011571316995950959 0.9978500008583069 0.1375935338948504 0.9817000031471252
243000 0.011513526042091932 0.9978500008583069 0.13712108567075046 0.9822999835014343
243500 0.011500761571742867 0.9978500008583069 0.1368176300019477 0.9822999835014343
244000 0.011475197359340382 0.9978500008583069 0.13689866292939404 0.9825000166893005
244500 0.011515452983799817 0.9978500008583069 0.1372593213092754 0.9819999933242798
245000 0.011472058255085722 0.9978500008583069 0.13681021358298312 0.9825999736785889
245500 0.011441028420531074 0.9978500008583069 0.1368591801629227 0.9824000000953674
246000 0.011450733660323507 0.9978500008583069 0.13662759044997802 0.9822999835014343
246500 0.011437992212112294 0.9978500008583069 0.13725808492844663 0.9818999767303467
247000 0.011439659179509423 0.997866690158844 0.13685966569532612 0.9819999933242798
247500 0.011421702695835848 0.997866690158844 0.13684892338241625 0.9818999767303467
248000 0.011400986710044284 0.997866690158844 0.13687118442379143 0.9822999835014343
248500 0.011400520136211222 0.997866690158844 0.13685338801442412 0.9824000000953674
249000 0.011408004213494131 0.997866690158844 0.13715977697907802 0.9818999767303467
249500 0.011368134394851707 0.997866690158844 0.13676018577063806 0.9822999835014343
250000 0.011373501507233595 0.997866690158844 0.13683232489288058 0.982200026512146
250500 0.011350650103760806 0.997866690158844 0.13704537881897266 0.9822999835014343
251000 0.011336179380784354 0.997866690158844 0.13676337741784664 0.982200026512146
251500 0.011327456023581909 0.997866690158844 0.13688634262966226 0.9825000166893005
252000 0.01131685196061929 0.9978833198547363 0.13709499504677805 0.9822999835014343
252500 0.011313147633630434 0.9978833198547363 0.1369898232652733 0.982200026512146
253000 0.011313529049926243 0.9978833198547363 0.13658652213840689 0.982200026512146
253500 0.011298368025189848 0.9979000091552734 0.1372999943795032 0.9818000197410583
254000 0.011293420215938628 0.9979000091552734 0.13703063545432087 0.9825000166893005
254500 0.011284073657585153 0.9979000091552734 0.13730167594934464 0.9819999933242798
255000 0.0112369973193175 0.9979000091552734 0.13676597213054192 0.982200026512146
255500 0.011235854255747593 0.9979000091552734 0.13686895697090076 0.9818999767303467
256000 0.011211237026325154 0.9979000091552734 0.1369364157973265 0.9821000099182129
256500 0.011191111083282157 0.9979000091552734 0.13689571943695336 0.9821000099182129
257000 0.011191962091372503 0.9979000091552734 0.13683618471359368 0.9822999835014343
257500 0.011207466539126472 0.9979000091552734 0.13700633692769335 0.9818000197410583
258000 0.011166852440130121 0.9979166388511658 0.13713997796066688 0.9819999933242798
258500 0.011164422084420221 0.9979000091552734 0.13726098412532084 0.9818000197410583
259000 0.011134593925530498 0.9979166388511658 0.13700677473439138 0.9821000099182129
259500 0.01113406478682688 0.9979166388511658 0.13712059468807056 0.9819999933242798
260000 0.011103950109320188 0.9979166388511658 0.13716440030251978 0.9819999933242798
260500 0.011101229346754553 0.9979166388511658 0.13710687849297828 0.9821000099182129
261000 0.011076636668853461 0.9979166388511658 0.1370842440122702 0.9818000197410583
261500 0.011051915121068305 0.9979166388511658 0.13697845860550442 0.9818999767303467
262000 0.011045599160979813 0.9979166388511658 0.1369858732104367 0.9818000197410583
262500 0.01106144701170609 0.9979166388511658 0.1373195260846078 0.9818999767303467
263000 0.011022763885033782 0.9979333281517029 0.13691820406902408 0.9815999865531921
263500 0.011013414654545098 0.9979166388511658 0.136822483075544 0.982200026512146
264000 0.011024058356277722 0.9979166388511658 0.13725192099691486 0.9818000197410583
264500 0.010968043610441965 0.9979166388511658 0.13698479192855156 0.9818999767303467
265000 0.010963236365560442 0.9979166388511658 0.13668461949471822 0.9824000000953674
265500 0.010951009720768585 0.9979333281517029 0.1370475040307574 0.9818000197410583
266000 0.010946280609865789 0.9979333281517029 0.13704560511168676 0.9821000099182129
266500 0.010929742297682484 0.9979333281517029 0.1369444709087118 0.9821000099182129
267000 0.0109448774234741 0.9979333281517029 0.13694618049713317 0.9822999835014343
267500 0.010936877095467935 0.9979333281517029 0.13710751589114079 0.982200026512146
268000 0.010909097757009052 0.9979333281517029 0.13704482135793877 0.9821000099182129
268500 0.010896748283621855 0.9979333281517029 0.13682135944509718 0.9818999767303467
269000 0.010898571420142252 0.9979333281517029 0.13734870274128916 0.9821000099182129
269500 0.010904364611082322 0.9979333281517029 0.1369486233538286 0.9818999767303467
270000 0.01085640656867181 0.9979333281517029 0.13675749287474318 0.982200026512146
270500 0.010860940690133915 0.9979333281517029 0.13711431240047023 0.9824000000953674
271000 0.010859691588995824 0.9979333281517029 0.13684147629588406 0.9819999933242798
271500 0.010848995310399914 0.9979333281517029 0.13723559961661086 0.9818999767303467
272000 0.01084165560262918 0.9979333281517029 0.13729581085474638 0.9817000031471252
272500 0.010835735663214776 0.9979333281517029 0.1370491415411998 0.9819999933242798
273000 0.010815561530832686 0.9979333281517029 0.13706664877990116 0.9819999933242798
273500 0.010803659980881881 0.99795001745224 0.13715010279645504 0.9818000197410583
274000 0.010824531978710245 0.9979333281517029 0.13720259941605037 0.9818000197410583
274500 0.01078710861961493 0.9979333281517029 0.13725255208689852 0.9819999933242798
275000 0.010832996673222321 0.9979333281517029 0.13717521548552103 0.9822999835014343
275500 0.010808875702051834 0.99795001745224 0.13697113346829573 0.9821000099182129
276000 0.010779704188952261 0.99795001745224 0.13704393959188382 0.9819999933242798
276500 0.010750536291692212 0.9979333281517029 0.13698085981644545 0.9819999933242798
277000 0.010749740291641502 0.9979333281517029 0.13724621007283933 0.9821000099182129
277500 0.01075016967280244 0.9979333281517029 0.13740958262354253 0.9818999767303467
278000 0.010731277803822497 0.9979333281517029 0.13693471700581503 0.9818999767303467
278500 0.01072136910254194 0.9979333281517029 0.1370383796215334 0.9818000197410583
279000 0.010716114693240282 0.99795001745224 0.13697170636568481 0.9818999767303467
279500 0.010731855996926122 0.9979333281517029 0.13742739412267838 0.9819999933242798
280000 0.010703577067890728 0.99795001745224 0.13700168182785566 0.9818999767303467
280500 0.01069751890951399 0.99795001745224 0.1372919646935523 0.9818999767303467
281000 0.01069841511414464 0.99795001745224 0.1371999854366055 0.9818000197410583
281500 0.010681616238341667 0.99795001745224 0.13719160773521943 0.9819999933242798
282000 0.010669347065742962 0.9979666471481323 0.13721827754225377 0.9821000099182129
282500 0.010661365832178369 0.9979833364486694 0.13693311232041305 0.9821000099182129
283000 0.01067892712465303 0.9979666471481323 0.1371712095609022 0.9819999933242798
283500 0.01065529332668472 0.9979833364486694 0.13697460021656152 0.9822999835014343
284000 0.010653285437087955 0.9979833364486694 0.13723850258526363 0.9821000099182129
284500 0.01066705750702725 0.9979833364486694 0.13727723792357865 0.9819999933242798
285000 0.010634705435622406 0.9979833364486694 0.1371943068451088 0.9818000197410583
285500 0.010644488780398387 0.9979833364486694 0.13690419390942915 0.9821000099182129
286000 0.010626942093405038 0.9979833364486694 0.13713909238788619 0.9821000099182129
286500 0.010624781881885913 0.9979833364486694 0.13726573650906138 0.9819999933242798
287000 0.010614209492033115 0.9979833364486694 0.13709687672638537 0.9821000099182129
287500 0.01061392900601301 0.9979833364486694 0.13724686269730882 0.9819999933242798
288000 0.010609726533327679 0.9979833364486694 0.13730953897034778 0.9817000031471252
288500 0.010602098144665069 0.9979833364486694 0.13720059954066965 0.9821000099182129
289000 0.0105782888681589 0.9979833364486694 0.13727074648753115 0.982200026512146
289500 0.010570102445145313 0.9979833364486694 0.13740108747383928 0.9818000197410583
290000 0.010567361566705222 0.9979833364486694 0.13716609017493903 0.9818999767303467
290500 0.010658471845939736 0.9979833364486694 0.13799217132384148 0.9810000061988831
291000 0.010531666739343686 0.9979833364486694 0.13706508632116166 0.9818999767303467
291500 0.010524833070057018 0.9979833364486694 0.13724043703061034 0.9819999933242798
292000 0.01051563889904258 0.9979833364486694 0.13725591983214472 0.982200026512146
292500 0.010511310204145169 0.9979833364486694 0.1373643274306407 0.9818999767303467
293000 0.010511641414997091 0.9979833364486694 0.13761988459425412 0.9818000197410583
293500 0.010495685158175668 0.9979833364486694 0.1373570831961086 0.982200026512146
294000 0.01047905684736761 0.9979833364486694 0.1370249677050182 0.982200026512146
294500 0.010460277170489522 0.9979833364486694 0.13727880691137326 0.9817000031471252
295000 0.010460421619892198 0.9979833364486694 0.13765206259284024 0.9821000099182129
295500 0.010454112531910748 0.9979833364486694 0.13732044266727098 0.9818999767303467
296000 0.0104968252357241 0.9979833364486694 0.13774584193834308 0.9821000099182129
296500 0.010438854682290305 0.9979833364486694 0.13738506484816898 0.9818999767303467
297000 0.010430496104501072 0.9979833364486694 0.13716621966465536 0.9819999933242798
297500 0.01042724212979374 0.9979833364486694 0.13720955924571535 0.9818000197410583
298000 0.010423605542159445 0.9979833364486694 0.13747513075156967 0.9818999767303467
298500 0.010414714381866603 0.9979833364486694 0.1371531613016712 0.9819999933242798
299000 0.010413450006230656 0.9979833364486694 0.13720746564466316 0.982200026512146
299500 0.010405913703045128 0.9979833364486694 0.13748721255400598 0.9818999767303467
300000 0.010395378269025726 0.9979833364486694 0.13754615851011112 0.9821000099182129
300500 0.010382273269778914 0.9979833364486694 0.13728290399026447 0.9821000099182129
301000 0.010409003566247702 0.9979833364486694 0.13758608345012036 0.9819999933242798
301500 0.01036646374246969 0.9979833364486694 0.1372837077336124 0.982200026512146
302000 0.010361386232321577 0.9979833364486694 0.1372156864522105 0.9822999835014343
302500 0.01034673277253314 0.9979833364486694 0.1373517126254672 0.9821000099182129
303000 0.010340087830180224 0.9979833364486694 0.13732054166880117 0.9819999933242798
303500 0.010359882045153548 0.9979833364486694 0.1371513391556553 0.9821000099182129
304000 0.01033658565592438 0.9979833364486694 0.1374913228971709 0.9821000099182129
304500 0.010319080347399964 0.9979833364486694 0.13736999025571567 0.9819999933242798
305000 0.010326612175512128 0.9979833364486694 0.13753007965003197 0.9821000099182129
305500 0.010306994354139898 0.9979833364486694 0.1373408536369694 0.9821000099182129
306000 0.010302856617171589 0.9979833364486694 0.13733066788605866 0.9821000099182129
306500 0.010304412415710977 0.9979833364486694 0.13743279356969507 0.9822999835014343
307000 0.01029800007759574 0.9979833364486694 0.1374110259644025 0.9818999767303467
307500 0.010295496432913448 0.9979833364486694 0.1373010846003912 0.982200026512146
308000 0.010287876162679458 0.9979833364486694 0.13741152636223197 0.982200026512146
308500 0.010284203845490508 0.9979833364486694 0.13768173373472672 0.982200026512146
309000 0.010269506157994813 0.9979833364486694 0.13737693727416045 0.982200026512146
309500 0.010292120687181886 0.9979833364486694 0.13725807094260964 0.9821000099182129
310000 0.010264595456771107 0.9979833364486694 0.13728248660342507 0.9819999933242798
310500 0.01026840744864215 0.9979833364486694 0.13724333209189718 0.9819999933242798
311000 0.010251105476104324 0.9979833364486694 0.13736643452346617 0.9821000099182129
311500 0.010253087319102875 0.9979833364486694 0.13738915717969138 0.9822999835014343
312000 0.010242969678348647 0.9979833364486694 0.13743004650412186 0.9821000099182129
312500 0.010245627585504553 0.9979833364486694 0.13739514418172621 0.9818999767303467
313000 0.010231859301265892 0.9979833364486694 0.1373687961645206 0.982200026512146
313500 0.010232489308909862 0.9979833364486694 0.13747324586083995 0.9819999933242798
314000 0.010230007933583692 0.9979833364486694 0.13724586746574205 0.9822999835014343
314500 0.010221222468625153 0.9979833364486694 0.13751432020195206 0.9821000099182129
315000 0.010262574289589247 0.9979833364486694 0.13790479562283361 0.9819999933242798
315500 0.010209886335814372 0.9979833364486694 0.1374621791639227 0.982200026512146
316000 0.010209697433362695 0.9979833364486694 0.13743695899541125 0.9821000099182129
316500 0.010211492854457174 0.9979833364486694 0.13756550247023844 0.9819999933242798
317000 0.010206655373011502 0.9979833364486694 0.13738495569849837 0.9819999933242798
317500 0.010196483745418178 0.9979833364486694 0.13734215824250715 0.982200026512146
318000 0.010198366085419063 0.9979833364486694 0.13762057367293382 0.9819999933242798
318500 0.010191714031816809 0.9979833364486694 0.13756406644135422 0.9821000099182129
319000 0.010187010870476661 0.9979833364486694 0.13760272560993908 0.9821000099182129
319500 0.010184569366648794 0.9979833364486694 0.13754800029673353 0.982200026512146
320000 0.010176718708741343 0.9979833364486694 0.13727452744085167 0.9824000000953674
320500 0.010175020577117297 0.9979833364486694 0.1371608430782413 0.982200026512146
321000 0.010169476752520131 0.9979833364486694 0.13729550860285744 0.9822999835014343
321500 0.010183168628611747 0.9979833364486694 0.13747983310445197 0.9821000099182129
322000 0.010167094720525589 0.9979833364486694 0.1374669019352412 0.9819999933242798
322500 0.01015810499227276 0.9979833364486694 0.13726454598639903 0.9824000000953674
323000 0.010169978252216728 0.9979833364486694 0.1374406654159713 0.9819999933242798
323500 0.010146144430300047 0.9979833364486694 0.13744569004402582 0.9822999835014343
324000 0.01015083526836 0.9979833364486694 0.13757566360624404 0.9824000000953674
324500 0.01014736254648257 0.9979833364486694 0.13719831333333277 0.9824000000953674
325000 0.010140404687053524 0.9979833364486694 0.13737025388617402 0.9821000099182129
325500 0.010136985663194598 0.9979833364486694 0.13734589778728623 0.9821000099182129
326000 0.01014588669245956 0.9979833364486694 0.13769916170697616 0.9819999933242798
326500 0.01012995791099917 0.9979833364486694 0.13743866691202639 0.9821000099182129
327000 0.010124627308056126 0.9979833364486694 0.13724873555452505 0.9824000000953674
327500 0.010125654972883542 0.9979833364486694 0.13748259057589093 0.982200026512146
328000 0.01011907866372009 0.9979833364486694 0.13733128864015015 0.9821000099182129
328500 0.010110056263221971 0.9979833364486694 0.13740712634768787 0.982200026512146
329000 0.010113430433124692 0.9979833364486694 0.13720959614768 0.9822999835014343
329500 0.01011582764212532 0.9979833364486694 0.1375271629019 0.982200026512146
330000 0.010100300549589155 0.9979833364486694 0.1375185282373568 0.982200026512146
330500 0.010097541435057065 0.9979833364486694 0.13755128692960789 0.9821000099182129
331000 0.01010305617775254 0.9979833364486694 0.1373910813012968 0.982200026512146
331500 0.010104560667572272 0.9979833364486694 0.1375287042799595 0.9821000099182129
332000 0.010087508941565466 0.9979833364486694 0.13755412638360576 0.9821000099182129
332500 0.010083543617352551 0.9979833364486694 0.13757966695367504 0.982200026512146
333000 0.010078979112104086 0.9979833364486694 0.13737992676244176 0.9821000099182129
333500 0.010076537214032335 0.9979833364486694 0.1374438006982942 0.9822999835014343
334000 0.010076555644700905 0.9979833364486694 0.1372434957710997 0.9825000166893005
334500 0.01008288877705345 0.9979833364486694 0.13747718047154703 0.982200026512146
335000 0.010070859097891904 0.9979833364486694 0.13739238491374345 0.9821000099182129
335500 0.010066385476257225 0.9979833364486694 0.13743918188329263 0.9825000166893005
336000 0.010061788542875972 0.9979833364486694 0.1374763200801819 0.9822999835014343
336500 0.010057557993045581 0.9979833364486694 0.13734596178483188 0.9822999835014343
337000 0.010057128599128919 0.9979833364486694 0.13730542967002912 0.9821000099182129
337500 0.010052867936028633 0.9979833364486694 0.13756888950528373 0.9817000031471252
338000 0.01004717406816635 0.9979833364486694 0.1374688428866233 0.9821000099182129
338500 0.010046596573202986 0.9979833364486694 0.1376043004228457 0.982200026512146
339000 0.010048208702312452 0.9980000257492065 0.1373835109461288 0.9822999835014343
339500 0.010041696771137261 0.9980000257492065 0.1374851258489143 0.9822999835014343
340000 0.01004905395857689 0.9979833364486694 0.13750771866785 0.982200026512146
340500 0.010030298906588965 0.9980000257492065 0.13741071012815229 0.9822999835014343
341000 0.010024976621834504 0.9980000257492065 0.13747116656784492 0.9821000099182129
341500 0.010026256601962328 0.9980000257492065 0.13750523356689956 0.9821000099182129
342000 0.010021763830198567 0.9980000257492065 0.13766902153982374 0.9818000197410583
342500 0.010009303106732356 0.9980000257492065 0.13749568694875053 0.9822999835014343
343000 0.010003859368626824 0.9980000257492065 0.13750095620100983 0.9824000000953674
343500 0.010001813197434482 0.9980000257492065 0.13779106411163958 0.9821000099182129
344000 0.009995461337604017 0.9980000257492065 0.13752362564213907 0.9819999933242798
344500 0.009981628267738657 0.9980000257492065 0.13745213711626056 0.9822999835014343
345000 0.00997749825961752 0.9980000257492065 0.13730144691711904 0.9824000000953674
345500 0.009974641231834539 0.9980000257492065 0.1375749760317718 0.9819999933242798
346000 0.009965974565131668 0.9980000257492065 0.13737957603952963 0.9821000099182129
346500 0.009962282892503815 0.9980000257492065 0.13754546496494585 0.9819999933242798
347000 0.00997133991155036 0.9980000257492065 0.13763256224897485 0.9822999835014343
347500 0.00994522799690385 0.9980000257492065 0.13740993375741745 0.9819999933242798
348000 0.009941425261181818 0.9980000257492065 0.1373927865281352 0.982200026512146
348500 0.009942973896771824 0.9980166554450989 0.13746765861027452 0.9822999835014343
349000 0.00994288848053014 0.9980000257492065 0.13760406027215358 0.9821000099182129
349500 0.00993555490206636 0.9980166554450989 0.13748128608368715 0.982200026512146
350000 0.009931530238076811 0.9980166554450989 0.13750500639681268 0.982200026512146
350500 0.00992059240158269 0.9980166554450989 0.1374713905378012 0.9821000099182129
351000 0.009922532123492662 0.9980166554450989 0.13762610781574586 0.9821000099182129
351500 0.00991717874561097 0.9980166554450989 0.1374473922804511 0.982200026512146
352000 0.009911896626441255 0.9980166554450989 0.1373579187552801 0.9821000099182129
352500 0.009916603264135484 0.9980166554450989 0.137536947212588 0.9822999835014343
353000 0.009906489797244528 0.998033344745636 0.13734071542390958 0.9824000000953674
353500 0.009906856606740863 0.998033344745636 0.1375461971263143 0.9819999933242798
354000 0.00991473455346689 0.998033344745636 0.13746344859329182 0.9825000166893005
354500 0.009898330709039874 0.998033344745636 0.13758752576757907 0.9821000099182129
355000 0.00990436967597052 0.998033344745636 0.13786862855412255 0.9819999933242798
355500 0.009885211688384394 0.998033344745636 0.13754923933575627 0.9821000099182129
356000 0.009892926361525315 0.998033344745636 0.1376232868227722 0.9822999835014343
356500 0.009888807250423511 0.998033344745636 0.13742046362202673 0.982200026512146
357000 0.00987409635445074 0.998033344745636 0.13750490324541753 0.9821000099182129
357500 0.009871537216203917 0.998033344745636 0.13745579597840296 0.9821000099182129
358000 0.009867981192735412 0.998033344745636 0.1374784105326071 0.9821000099182129
358500 0.009860343161706987 0.998033344745636 0.13762029965575348 0.9818999767303467
359000 0.009861733187229159 0.998033344745636 0.1377054481859599 0.9819999933242798
359500 0.009858919227969455 0.998033344745636 0.13765891919407622 0.9818999767303467
360000 0.009846860195296661 0.998033344745636 0.13749886204920003 0.9822999835014343
360500 0.009844358079814992 0.998033344745636 0.13746893149204842 0.982200026512146
361000 0.009835078785938579 0.998033344745636 0.13751845542953742 0.982200026512146
361500 0.009835980329100373 0.998033344745636 0.13761643858953357 0.982200026512146
362000 0.009829049170024032 0.998033344745636 0.137576715438467 0.982200026512146
362500 0.00982244497059534 0.998033344745636 0.1375649153177008 0.9824000000953674
363000 0.00981390863507307 0.998033344745636 0.13749668647497018 0.982200026512146
363500 0.009808159425757185 0.998033344745636 0.1375547970729058 0.9821000099182129
364000 0.009801514238862243 0.998033344745636 0.13753457685468565 0.9821000099182129
364500 0.009800376201748926 0.998033344745636 0.13762343194650384 0.9825000166893005
365000 0.009790774531656643 0.998033344745636 0.13746854715191403 0.982200026512146
365500 0.009801337792225725 0.998033344745636 0.137724403328693 0.9819999933242798
366000 0.009787347945972821 0.998033344745636 0.13746227190566424 0.9822999835014343
366500 0.009772932738341235 0.998033344745636 0.13751148412985276 0.982200026512146
367000 0.009777349042874993 0.998033344745636 0.13762379421835577 0.982200026512146
367500 0.009768210457577272 0.998033344745636 0.13756842143571665 0.9818999767303467
368000 0.009763514038429033 0.998033344745636 0.13769414084446616 0.982200026512146
368500 0.009802621484208794 0.998033344745636 0.1374207856374065 0.9824000000953674
369000 0.009747131583261459 0.998033344745636 0.13759364927305723 0.9819999933242798
369500 0.009749700962941765 0.998033344745636 0.13773301688155262 0.9824000000953674
370000 0.009743608371557638 0.998033344745636 0.13763923353769422 0.9825000166893005
370500 0.00973886384931684 0.998033344745636 0.13767532436158653 0.982200026512146
371000 0.009738032862781984 0.998033344745636 0.13746252115586394 0.9822999835014343
371500 0.009727569048673468 0.998033344745636 0.13760306330288222 0.9824000000953674
372000 0.009722538992826352 0.998033344745636 0.13759946891060826 0.982200026512146
372500 0.00972556585032192 0.998033344745636 0.1374833425982699 0.9821000099182129
373000 0.009719933905419262 0.998033344745636 0.13760193481053065 0.9824000000953674
373500 0.009719072587208697 0.998033344745636 0.1376273252477804 0.9825000166893005
374000 0.009712917440311383 0.998033344745636 0.137461771643073 0.9825000166893005
374500 0.009713766956743348 0.998033344745636 0.13764135486283266 0.9824000000953674
375000 0.009703016387814812 0.998033344745636 0.13759682637953374 0.9821000099182129
375500 0.009701210180017369 0.998033344745636 0.13757966251205653 0.982200026512146
376000 0.009699980068630733 0.998033344745636 0.13769434366354616 0.982200026512146
376500 0.009705366589324452 0.998033344745636 0.13775745705273584 0.9819999933242798
377000 0.009690381276221646 0.998033344745636 0.13772233022641667 0.9819999933242798
377500 0.009687804074276937 0.998033344745636 0.1376449636882404 0.9821000099182129
378000 0.009687125294093372 0.998033344745636 0.13769630540309444 0.9821000099182129
378500 0.009684893775527599 0.998033344745636 0.13757783119789127 0.982200026512146
379000 0.009680977454781532 0.998033344745636 0.13746488644593374 0.982200026512146
379500 0.009683285524118885 0.998033344745636 0.1375386686088743 0.9822999835014343
380000 0.009679618546691198 0.998033344745636 0.13765624317740185 0.9822999835014343
380500 0.00967674291151731 0.998033344745636 0.13748098404740122 0.982200026512146
381000 0.009670208263859725 0.998033344745636 0.13772451751536754 0.9818999767303467
381500 0.009668306744130193 0.998033344745636 0.13747661822450172 0.9821000099182129
382000 0.009664338542081046 0.998033344745636 0.1376936129801339 0.982200026512146
382500 0.009662392168889346 0.998033344745636 0.13766354446175974 0.9821000099182129
383000 0.009660873671972513 0.998033344745636 0.13767230636924577 0.9821000099182129
383500 0.00966380649481119 0.998033344745636 0.13769389778574587 0.9822999835014343
384000 0.009659568771223712 0.998033344745636 0.1374392215398366 0.9825000166893005
384500 0.009653350625683378 0.998033344745636 0.1376422017527977 0.9824000000953674
385000 0.009649221938114594 0.998033344745636 0.13762642089965157 0.9821000099182129
385500 0.009655291686099129 0.998033344745636 0.13783955621501737 0.9821000099182129
386000 0.00964225670588421 0.998033344745636 0.13758582522322468 0.982200026512146
386500 0.009649262567264668 0.998033344745636 0.13756625206014397 0.982200026512146
387000 0.009638781449295251 0.998033344745636 0.1376012884607273 0.9819999933242798
387500 0.00963946909429748 0.998033344745636 0.13773577174969578 0.9821000099182129
388000 0.009633236990442188 0.998033344745636 0.13758523022007138 0.982200026512146
388500 0.009636531722165576 0.998033344745636 0.137652205701184 0.9825999736785889
389000 0.009629126093199011 0.998033344745636 0.1375231412926052 0.982200026512146
389500 0.00962770039512737 0.998033344745636 0.13752314871270718 0.9822999835014343
390000 0.009625587991345674 0.998033344745636 0.13779603190496564 0.9818999767303467
390500 0.009621542228965458 0.998033344745636 0.13757903511995684 0.9822999835014343
391000 0.009622539804771561 0.998033344745636 0.13761220031777738 0.9824000000953674
391500 0.009616156438151665 0.998033344745636 0.13757734479896025 0.9822999835014343
392000 0.00961765704027154 0.998033344745636 0.1375870805064038 0.9822999835014343
392500 0.009618001746760758 0.998033344745636 0.13759174163393692 0.9825000166893005
393000 0.009611111577587143 0.998033344745636 0.1375895714430124 0.9822999835014343
393500 0.00961001706504588 0.998033344745636 0.13766566929344953 0.9821000099182129
394000 0.009608097486417198 0.998033344745636 0.1377893603805489 0.9819999933242798
394500 0.009606694431321618 0.998033344745636 0.13775679105175295 0.9819999933242798
395000 0.009603630756828595 0.998033344745636 0.13781575942024066 0.9821000099182129
395500 0.009600476421959077 0.998033344745636 0.137673324332025 0.982200026512146
396000 0.009604716071719789 0.998033344745636 0.13751607215144687 0.9824000000953674
396500 0.009595558944275157 0.998033344745636 0.1375871104057471 0.982200026512146
397000 0.009599621951131848 0.998033344745636 0.13778222483457794 0.982200026512146
397500 0.009591810730061115 0.998033344745636 0.13763718533839348 0.9824000000953674
398000 0.009591558073501316 0.998033344745636 0.13784214523562988 0.9819999933242798
398500 0.009588606813312799 0.998033344745636 0.1376937060128683 0.982200026512146
399000 0.00958683257204078 0.998033344745636 0.1377180286523435 0.9822999835014343
399500 0.009581871423829094 0.998033344745636 0.13759157937315578 0.982200026512146
400000 0.009586021981921416 0.998033344745636 0.13778894521247784 0.9822999835014343
400500 0.009577095287156407 0.998033344745636 0.13770045005393478 0.982200026512146
401000 0.009578441080905517 0.998033344745636 0.1374929352975614 0.9824000000953674
401500 0.00957401065689531 0.998033344745636 0.13772157731016776 0.9819999933242798
402000 0.009572261395444608 0.998033344745636 0.13759292687784655 0.9824000000953674
402500 0.009569685474525613 0.998033344745636 0.1376708143424854 0.9821000099182129
403000 0.009568553489946742 0.998033344745636 0.13752626251952899 0.9822999835014343
403500 0.009572498165364474 0.998033344745636 0.1377396902777127 0.9821000099182129
404000 0.009566201298027347 0.998033344745636 0.13781015223286958 0.9822999835014343
404500 0.009571176153215734 0.998033344745636 0.13774974945150753 0.9821000099182129
405000 0.00956034235972329 0.998033344745636 0.13762848039087694 0.9824000000953674
405500 0.009560032829848932 0.998033344745636 0.13767338595755355 0.9822999835014343
406000 0.009560662968774947 0.998033344745636 0.13771018579839364 0.9821000099182129
406500 0.009553299979727793 0.998033344745636 0.13774849630983846 0.9819999933242798
407000 0.009554113929444186 0.998033344745636 0.13767994252654098 0.9822999835014343
407500 0.00955022280910004 0.998033344745636 0.13757900409709 0.9822999835014343
408000 0.009546589019729193 0.998033344745636 0.13761997014495647 0.9822999835014343
408500 0.009555208303744924 0.998033344745636 0.13788354002928244 0.9821000099182129
409000 0.0095435913189227 0.998033344745636 0.13755691756653177 0.9824000000953674
409500 0.00954192585511725 0.998033344745636 0.13762135919776228 0.9822999835014343
410000 0.009549992184413714 0.998033344745636 0.1375545222822482 0.982200026512146
410500 0.009540931436883207 0.998033344745636 0.13786225021702886 0.9822999835014343
411000 0.009534965820171541 0.998033344745636 0.13768439290341047 0.9822999835014343
411500 0.009536280487907545 0.998033344745636 0.13771534340113395 0.982200026512146
412000 0.00953343624035139 0.998033344745636 0.13772170659132024 0.982200026512146
412500 0.009538595070870846 0.998033344745636 0.13762833083623446 0.9824000000953674
413000 0.009533523404583685 0.998033344745636 0.13767932716879078 0.9822999835014343
413500 0.009524321521013433 0.998033344745636 0.1376619540216034 0.9819999933242798
414000 0.009524322454872405 0.998033344745636 0.13771556895368267 0.9822999835014343
414500 0.009520108535867378 0.998033344745636 0.13773144491180284 0.9819999933242798
415000 0.009520725806789414 0.998033344745636 0.1376489068336501 0.9822999835014343
415500 0.009518340294469576 0.998033344745636 0.1376993244160585 0.982200026512146
416000 0.009518513769977532 0.998033344745636 0.13769491980900495 0.9821000099182129
416500 0.009521336854235172 0.9980499744415283 0.1376730455564073 0.982200026512146
417000 0.009512113159791625 0.9980499744415283 0.13754543330025482 0.982200026512146
417500 0.009507491563728156 0.9980499744415283 0.13756732291132104 0.9824000000953674
418000 0.009507684342212936 0.9980499744415283 0.13762691470393293 0.9822999835014343
418500 0.009506045505673197 0.998033344745636 0.13750188160638863 0.9822999835014343
419000 0.00950700589504316 0.9980499744415283 0.13765909652303163 0.9822999835014343
419500 0.00949998640386475 0.998033344745636 0.13765175389776413 0.982200026512146
420000 0.009497557324646428 0.9980499744415283 0.1376327283598621 0.9822999835014343
420500 0.009496865260878016 0.9980499744415283 0.13757150023896428 0.9822999835014343
421000 0.00949497632427568 0.9980666637420654 0.1376016105595194 0.9822999835014343
421500 0.009499700423235481 0.9980666637420654 0.13781065821329794 0.9821000099182129
422000 0.009491465942564052 0.9980666637420654 0.13766404838466043 0.9822999835014343
422500 0.009483695230503509 0.9980666637420654 0.13763889902737575 0.9819999933242798
423000 0.009480226135077343 0.9980666637420654 0.1376441808834661 0.9819999933242798
423500 0.009479261419163474 0.9980666637420654 0.13764915073216508 0.982200026512146
424000 0.009480462135781515 0.9980666637420654 0.1375143231460119 0.9825000166893005
424500 0.009471782396287987 0.9980666637420654 0.13753589401202843 0.982200026512146
425000 0.009470461991332316 0.9980666637420654 0.13758985266578638 0.9822999835014343
425500 0.009468188305080791 0.9980666637420654 0.13749296724209126 0.982200026512146
426000 0.00947081593342106 0.9980666637420654 0.13760876774035824 0.9821000099182129
426500 0.00946162961623971 0.9980666637420654 0.13751689985341 0.9824000000953674
427000 0.00944545617899615 0.9980666637420654 0.1373720449109249 0.9822999835014343
427500 0.009438266961019933 0.9980666637420654 0.1374220857135384 0.9824000000953674
428000 0.00943564278454287 0.9980666637420654 0.1375604387299143 0.9821000099182129
428500 0.009428806740250244 0.9980666637420654 0.1374461872871616 0.9821000099182129
429000 0.009422005104565567 0.9980666637420654 0.1375004281649406 0.9821000099182129
429500 0.009414598165268157 0.9980666637420654 0.13749190410845913 0.9819999933242798
430000 0.009418831108511464 0.9980666637420654 0.13748558933118257 0.9822999835014343
430500 0.009412950479066057 0.9980666637420654 0.13763596140377632 0.9818000197410583
431000 0.009398251364167663 0.9980666637420654 0.13747039039150258 0.9821000099182129
431500 0.00939178001186471 0.9980666637420654 0.13745947069429532 0.9818000197410583
432000 0.009388114845435485 0.9980666637420654 0.13753463231111746 0.9821000099182129
432500 0.00938280883528787 0.9980666637420654 0.1373993502205034 0.9819999933242798
433000 0.009382921240108165 0.9980666637420654 0.13735773467083126 0.9818000197410583
433500 0.009371227372175295 0.9980666637420654 0.1374342940669434 0.9821000099182129
434000 0.009372929499358482 0.9980666637420654 0.13752953126582143 0.9818999767303467
434500 0.009366126909072046 0.9980833530426025 0.13752829260622274 0.9819999933242798
435000 0.009375768893791731 0.9980833530426025 0.13763695049476374 0.982200026512146
435500 0.009354190211216822 0.9980833530426025 0.13751756302576615 0.9819999933242798
436000 0.00935438167010046 0.9980833530426025 0.13752096202383474 0.9821000099182129
436500 0.009353096034929816 0.9980833530426025 0.13754042904938468 0.9821000099182129
437000 0.009352604618982392 0.9980833530426025 0.13768621866404757 0.9819999933242798
437500 0.009343846412581236 0.9980833530426025 0.13751251256030592 0.9821000099182129
438000 0.009335631633887533 0.9980833530426025 0.13743736073213805 0.982200026512146
438500 0.009336271562408365 0.9980833530426025 0.13741578517513298 0.9821000099182129
439000 0.00933495051881667 0.9980833530426025 0.1375616310664318 0.9821000099182129
439500 0.009323759597324533 0.9980833530426025 0.13756908565003687 0.9822999835014343
440000 0.009319820159157098 0.9980833530426025 0.1374953456887877 0.982200026512146
440500 0.009326929420975405 0.9980999827384949 0.13753625307694128 0.9822999835014343
441000 0.009306646296586648 0.9980833530426025 0.1374868291597828 0.982200026512146
441500 0.009302390169812134 0.9980833530426025 0.13754154372132324 0.9821000099182129
442000 0.009293062500812813 0.9980833530426025 0.13753795630518761 0.982200026512146
442500 0.00928837398594284 0.9980833530426025 0.13750683660766044 0.9821000099182129
443000 0.00928222668684175 0.9980833530426025 0.13747594018747405 0.982200026512146
443500 0.009305127131537302 0.9980999827384949 0.13796228683005574 0.9821000099182129
444000 0.009272941935850636 0.9980833530426025 0.13761887964077688 0.982200026512146
444500 0.00926825875499247 0.9980999827384949 0.13760202077820105 0.982200026512146
445000 0.009266519220728272 0.9980999827384949 0.1377424904945816 0.9822999835014343
445500 0.00926061440337265 0.9980999827384949 0.13764838397599705 0.9821000099182129
446000 0.009259840530410292 0.998116672039032 0.13758849273335583 0.9821000099182129
446500 0.00925462078213556 0.998116672039032 0.13757627323300148 0.982200026512146
447000 0.00925563232756928 0.9981499910354614 0.1374498037023255 0.9818999767303467
447500 0.00924768872223164 0.9981499910354614 0.13772635150208443 0.9819999933242798
448000 0.009250054729682355 0.9981333613395691 0.13777357372844562 0.9819999933242798
448500 0.009240293965259237 0.9981499910354614 0.13774799682240774 0.9819999933242798
449000 0.009234034576194244 0.9981499910354614 0.13766572988404513 0.9821000099182129
449500 0.009234365597105353 0.9981499910354614 0.1375989048631589 0.9821000099182129
450000 0.00922912956140887 0.9981499910354614 0.13761285253086863 0.9821000099182129
450500 0.009225569673146432 0.9981333613395691 0.13776173506391096 0.9821000099182129
451000 0.009217048779584971 0.9981499910354614 0.13774642936029194 0.9819999933242798
451500 0.009209553035125039 0.9981499910354614 0.13778619716909452 0.982200026512146
452000 0.009202791533747708 0.9981499910354614 0.13779482251690606 0.9821000099182129
452500 0.009201920888935759 0.9981499910354614 0.13770728695841425 0.982200026512146
453000 0.009182507397733086 0.9981499910354614 0.13772425104875838 0.9821000099182129
453500 0.009177216070285552 0.9981499910354614 0.13769987042826434 0.982200026512146
454000 0.009168809416902755 0.9981499910354614 0.13763289885028063 0.9822999835014343
454500 0.009161646227404709 0.9981499910354614 0.13788472521489348 0.9821000099182129
455000 0.009167882068218993 0.9981499910354614 0.138094469851569 0.9822999835014343
455500 0.00913666178886245 0.9981499910354614 0.13803141394580998 0.982200026512146
456000 0.009125662382474305 0.9981499910354614 0.13794876473815276 0.9822999835014343
456500 0.009117650574543222 0.9981499910354614 0.13786639824431005 0.9824000000953674
457000 0.009105977185959636 0.9981499910354614 0.1378833920342644 0.9824000000953674
457500 0.009107412271419889 0.9981499910354614 0.13805988983858078 0.9824000000953674
458000 0.009092810479926994 0.9981499910354614 0.13808364381257196 0.9822999835014343
458500 0.009083276306847013 0.9981499910354614 0.137932145374245 0.982200026512146
459000 0.00910382851390459 0.9981499910354614 0.13818849130073577 0.9824000000953674
459500 0.009071410530958867 0.9981499910354614 0.13792451607309777 0.982200026512146
460000 0.009074378224138249 0.9981499910354614 0.13806939490331643 0.9824000000953674
460500 0.009065051819539803 0.9981666803359985 0.13801791490385584 0.9825000166893005
461000 0.009056144920132162 0.9981666803359985 0.1379747913701165 0.9822999835014343
461500 0.009060112101780638 0.9981666803359985 0.13806030604272418 0.9825000166893005
462000 0.009054260368463293 0.9981666803359985 0.13818405726837119 0.9822999835014343
462500 0.009065656889614183 0.9981666803359985 0.1383150794798472 0.982200026512146
463000 0.009041439470687085 0.9981666803359985 0.137946553579612 0.9822999835014343
463500 0.009036925197988845 0.9981666803359985 0.13784514991234356 0.982200026512146
464000 0.009035201424051774 0.9981666803359985 0.13794136656609735 0.9822999835014343
464500 0.00902673423713859 0.9981666803359985 0.137918567223852 0.982200026512146
465000 0.009018707422842272 0.9981666803359985 0.13786045351388165 0.9825000166893005
465500 0.009010571378241973 0.9981666803359985 0.1380092418449225 0.9822999835014343
466000 0.009002293766836617 0.9981666803359985 0.1379082151546794 0.982200026512146
466500 0.008994698342157548 0.9981666803359985 0.1379283370013054 0.9822999835014343
467000 0.008988862214087082 0.9981666803359985 0.13795814820658817 0.982200026512146
467500 0.00898576979075345 0.9981666803359985 0.13789043445347088 0.9822999835014343
468000 0.00897984500756235 0.9981666803359985 0.1379532117572664 0.982200026512146
468500 0.008975146809177144 0.9981666803359985 0.137976173176695 0.9822999835014343
469000 0.008971634906630303 0.9981666803359985 0.13794781300798423 0.9824000000953674
469500 0.008965939088835148 0.9981666803359985 0.13804247912585232 0.9822999835014343
470000 0.008963137763658112 0.9981666803359985 0.13790909956397554 0.982200026512146
470500 0.008959146691288333 0.9981666803359985 0.137972982839034 0.9822999835014343
471000 0.008954791842504832 0.9981666803359985 0.13795800301143427 0.9821000099182129
471500 0.008957752162880205 0.9981666803359985 0.137774590015411 0.9819999933242798
472000 0.00894567961237044 0.9981666803359985 0.13796666330162735 0.982200026512146
472500 0.008936346481321864 0.9981666803359985 0.1379241362960114 0.982200026512146
473000 0.008929927190761858 0.9981666803359985 0.13791195457838476 0.9824000000953674
473500 0.008921842773154883 0.9981666803359985 0.13805549096260147 0.982200026512146
474000 0.008914297731772726 0.9981666803359985 0.13798840762775835 0.982200026512146
474500 0.008934339345439609 0.9981666803359985 0.13786997276951915 0.982200026512146
475000 0.008900948733781115 0.9981666803359985 0.1380913755590307 0.9824000000953674
475500 0.00889486420694011 0.9981666803359985 0.13808319519727374 0.9822999835014343
476000 0.00889195818243655 0.9981666803359985 0.1381594907261144 0.9824000000953674
476500 0.008895103403096436 0.9981666803359985 0.13832657383751648 0.982200026512146
477000 0.008886569823448372 0.9981666803359985 0.13810840087587167 0.9822999835014343
477500 0.008882831706234235 0.9981666803359985 0.13826886551248063 0.9822999835014343
478000 0.008875034392963667 0.9981666803359985 0.1380880406839293 0.9825000166893005
478500 0.008879856628523945 0.9981666803359985 0.13828631625889648 0.9821000099182129
479000 0.008871622534806374 0.9981666803359985 0.13815796841859193 0.982200026512146
479500 0.008864344860777782 0.9981666803359985 0.13816122119227076 0.9822999835014343
480000 0.008859904297319008 0.9981666803359985 0.1382466139202763 0.982200026512146
480500 0.008858561964146307 0.9981666803359985 0.13833448967757794 0.9822999835014343
481000 0.008861461921857456 0.9981666803359985 0.1383349749523004 0.9825000166893005
481500 0.008847957121198124 0.9981666803359985 0.13838726561352524 0.9821000099182129
482000 0.008840876476668928 0.9981666803359985 0.1382790734927832 0.9824000000953674
482500 0.008836788387498625 0.9981666803359985 0.13831158526757717 0.9821000099182129
483000 0.008834340703637282 0.9981666803359985 0.13829462857204744 0.982200026512146
483500 0.008823242378949362 0.9981666803359985 0.13849792001678107 0.9822999835014343
484000 0.008817180050454529 0.9981666803359985 0.1384069426592967 0.982200026512146
484500 0.008813378686346308 0.9981666803359985 0.1386300465692955 0.982200026512146
485000 0.008811974532527772 0.9981666803359985 0.13834029060994835 0.9821000099182129
485500 0.008808667581095263 0.9981666803359985 0.13853353023391973 0.9821000099182129
486000 0.008800110153625428 0.9981666803359985 0.13847763923156162 0.982200026512146
486500 0.008799213509376083 0.9981666803359985 0.1386027244641591 0.9822999835014343
487000 0.008802188173147927 0.9981666803359985 0.13835916356457928 0.9824000000953674
487500 0.008792018767706758 0.9981833100318909 0.13836672513254888 0.9822999835014343
488000 0.008789457216874385 0.9981833100318909 0.13841089098494413 0.9821000099182129
488500 0.008790640932985115 0.9981833100318909 0.13854163854180443 0.9822999835014343
489000 0.008783573304579961 0.9981833100318909 0.13837008348092641 0.9821000099182129
489500 0.008782386031030424 0.9981833100318909 0.13839133017798994 0.9822999835014343
490000 0.008777256308287906 0.9981833100318909 0.13857243684105924 0.9821000099182129
490500 0.008774934874511867 0.9981833100318909 0.1385785300994732 0.9821000099182129
491000 0.00876862081779206 0.9981833100318909 0.13866007377762143 0.982200026512146
491500 0.008764948176933103 0.9981833100318909 0.13861433925824748 0.982200026512146
492000 0.008758343257562471 0.9981833100318909 0.13854156319885189 0.9824000000953674
492500 0.0087574995708322 0.9981833100318909 0.13851502055489873 0.982200026512146
493000 0.008754193288133441 0.998199999332428 0.13860020446671223 0.9825000166893005
493500 0.008734143851581515 0.9981833100318909 0.13860134151441925 0.982200026512146
494000 0.008740838862739232 0.998199999332428 0.13888977708845815 0.9821000099182129
494500 0.008723949092574184 0.998199999332428 0.13869930634264166 0.982200026512146
495000 0.008720011938405514 0.998199999332428 0.1387279546405065 0.9822999835014343
495500 0.008715046536180793 0.998199999332428 0.1386477578594844 0.982200026512146
496000 0.00871107590028308 0.998199999332428 0.13878585986456382 0.9821000099182129
496500 0.008705155555786525 0.998199999332428 0.1386891850097516 0.9822999835014343
497000 0.008701585787888325 0.998199999332428 0.1388151144995787 0.9819999933242798
497500 0.008703846250918771 0.998199999332428 0.13873175731874107 0.9825000166893005
498000 0.008695450017458159 0.998199999332428 0.13859342786065826 0.9824000000953674
498500 0.0086898738813019 0.998199999332428 0.1386990281929975 0.9824000000953674
499000 0.00868442601095982 0.998199999332428 0.13865886240352773 0.982200026512146
499500 0.008678977004168458 0.998199999332428 0.1386520540835314 0.9822999835014343
500000 0.008677347029083467 0.998199999332428 0.1387666369553208 0.9822999835014343
