#Batch costTraining precTraining costValidation precValidation
500 2.717365013290778 0.63925 2.704043235117072 0.6507
1000 1.872347919296227 0.7916166666666666 1.84901536697008 0.8025
1500 1.492149099548101 0.8398 1.4609734114444184 0.8483
2000 1.2810129464922362 0.8577333333333333 1.2450746219205369 0.8668
2500 1.1488047172836429 0.86645 1.1103381137921269 0.8753
3000 1.0556661033773194 0.8740166666666667 1.0151326909817895 0.8814
3500 0.9894895065522624 0.87905 0.9488138869848006 0.8862
4000 0.9389686862199821 0.8833666666666666 0.8987980551939633 0.8913
4500 0.9008635408743246 0.8865166666666666 0.8592518364607286 0.895
5000 0.869555693900996 0.8889666666666667 0.8298894446708908 0.8972
5500 0.8423631957057595 0.8925166666666666 0.8021939285506707 0.8988
6000 0.8194329509202396 0.89435 0.7793227152275531 0.9015
6500 0.8003875803792083 0.8963833333333333 0.760138983388252 0.9036
7000 0.7848248684042519 0.8966 0.7440555991249419 0.9037
7500 0.7684993167927474 0.8987833333333334 0.7294257132068761 0.9051
8000 0.7537025284985874 0.9005833333333333 0.7159248705959704 0.9076
8500 0.7423662352831385 0.9011666666666667 0.7049595923221 0.9078
9000 0.7294329739784227 0.9034166666666666 0.6915218585507205 0.9093
9500 0.7201438010514476 0.9040833333333333 0.6833442048093777 0.9111
10000 0.7090064274657253 0.9050666666666667 0.6728562793619646 0.9106
10500 0.6989364187092761 0.9063833333333333 0.6628703166417316 0.9123
11000 0.6911501022125875 0.9071833333333333 0.6568025968938324 0.912
11500 0.6820196472597279 0.9082833333333333 0.6482595515680206 0.9131
12000 0.6740900607612995 0.909 0.6403954697733607 0.9141
12500 0.6665070857310706 0.9096333333333333 0.6322541935051497 0.9153
13000 0.6600461439784387 0.9104666666666666 0.6272994082756458 0.9154
13500 0.6525458431235738 0.9112833333333333 0.6208117203933564 0.9156
14000 0.6451393705678597 0.9116833333333333 0.6138274030438943 0.9165
14500 0.639519619081401 0.91235 0.6073878919419036 0.9165
15000 0.6332492768272107 0.9131166666666667 0.6020106046610572 0.9166
15500 0.627318588104165 0.9141166666666667 0.5970900458551408 0.9177
16000 0.6230019447023287 0.9144666666666666 0.5957336952155404 0.9185
16500 0.6154614600568263 0.9154166666666667 0.5872741154550916 0.9195
17000 0.610648739392605 0.91625 0.5838910687720302 0.9196
17500 0.6051195398410043 0.9166166666666666 0.5772400536653278 0.9195
18000 0.5994587347632747 0.9171166666666667 0.5726535795740051 0.9206
18500 0.5945260169022553 0.9180333333333334 0.5681023684265937 0.9206
19000 0.5905197543295946 0.9182166666666667 0.5643714823135695 0.9205
19500 0.585709916676525 0.9189666666666667 0.5594257009059349 0.9219
20000 0.5796841611833498 0.9199 0.5549397572486071 0.9227
20500 0.5756485247198768 0.9203 0.5513175648858653 0.9234
21000 0.5709401943877457 0.9208333333333333 0.5469988849228876 0.9234
21500 0.5660676064748967 0.9215 0.5429556272794341 0.9241
22000 0.5614896536104494 0.9221 0.5389420325806376 0.9239
22500 0.5577161932272888 0.9227166666666666 0.5347277950796344 0.9254
23000 0.5538011085803324 0.9230833333333334 0.5326529914378217 0.9248
23500 0.5502341321471197 0.9235333333333333 0.5291071859951796 0.9262
24000 0.5459760006902956 0.9241833333333334 0.5244147863528933 0.9262
24500 0.5418895952455071 0.92425 0.5222528203980794 0.927
25000 0.5374859052773099 0.9252 0.5170302204834216 0.9271
25500 0.53413609538123 0.9255166666666667 0.5142747602391606 0.9282
26000 0.5303112933746968 0.92625 0.510736409420975 0.9283
26500 0.5263184166803716 0.9266333333333333 0.5068468652882058 0.9292
27000 0.5224559581077214 0.9271 0.5041234390702085 0.9296
27500 0.518806875968971 0.9278166666666666 0.5008975991958136 0.9293
28000 0.5153193749347937 0.9277 0.49813559747992153 0.9296
28500 0.5131121946851184 0.9279166666666666 0.49738288890173965 0.9299
29000 0.5087876597829815 0.9285666666666667 0.4929787002518788 0.93
29500 0.5056962381489415 0.9297 0.48898024555580044 0.9303
30000 0.501995165000419 0.9297166666666666 0.48585284253021976 0.9312
30500 0.4985016151181291 0.9301333333333334 0.48321034091431875 0.9308
31000 0.4960589995669228 0.9309166666666666 0.4809796749331671 0.931
31500 0.49244240291240415 0.93135 0.4772629556344046 0.933
32000 0.48929292259054985 0.9314833333333333 0.47467018001087713 0.9322
32500 0.4860193231759328 0.9321333333333334 0.47150421860182434 0.9324
33000 0.4839956126371533 0.9322666666666667 0.46934601641564716 0.9336
33500 0.4799619109287722 0.9328333333333333 0.4666881666190177 0.9331
34000 0.47745572977867873 0.93275 0.46426338963511726 0.9339
34500 0.4744855143559595 0.93355 0.4619564741896675 0.9336
35000 0.4713471988308133 0.93375 0.45880324221562824 0.9345
35500 0.4688952524999027 0.9343666666666667 0.45683873033484934 0.9344
36000 0.46558631027622727 0.93485 0.4539247781023218 0.9351
36500 0.46395361865313706 0.9347166666666666 0.45225137198260473 0.9357
37000 0.46095960266433955 0.9352166666666667 0.4493655526350709 0.9361
37500 0.45828528624269194 0.9360833333333334 0.44680853587116526 0.9355
38000 0.4547892462221301 0.9362666666666667 0.44417039038563416 0.9367
38500 0.4529751033257786 0.9361 0.4424653648057239 0.9365
39000 0.4501550560460412 0.9369333333333333 0.43917151320497616 0.9375
39500 0.4471912711337135 0.9373833333333333 0.4372429635732999 0.9377
40000 0.44465878962836386 0.9378 0.4358469878089446 0.9368
40500 0.4424952457565545 0.9384166666666667 0.4338901148666174 0.9367
41000 0.43939464198792777 0.9387166666666666 0.43021939548516 0.9377
41500 0.4365975490872014 0.9390833333333334 0.4281782270397489 0.9383
42000 0.43531555545198813 0.9392333333333334 0.4278645499411472 0.9373
42500 0.4318945349013865 0.9399166666666666 0.424213038618921 0.9387
43000 0.4301219420676413 0.93995 0.42277587474031436 0.9388
43500 0.4274791960771954 0.9406 0.41999220158479433 0.939
44000 0.4245200354724507 0.9408666666666666 0.41808749327458156 0.9391
44500 0.4227725603930244 0.9411833333333334 0.41634122368988774 0.9392
45000 0.42001699596471176 0.9415666666666667 0.4146788032020893 0.9391
45500 0.4176969211160156 0.9420333333333333 0.4119264237519835 0.9398
46000 0.4155240377151056 0.9423833333333334 0.41062386207541335 0.9404
46500 0.41340533914631417 0.9426666666666667 0.40790314087406065 0.9406
47000 0.41070062459482864 0.9430166666666666 0.40633214106838117 0.9409
47500 0.4094888623709657 0.9427166666666666 0.40621444922494543 0.9412
48000 0.40612719342816217 0.9437833333333333 0.4020451416239936 0.9408
48500 0.4041006158103164 0.9438 0.40048043277504936 0.9415
49000 0.4028919053644984 0.9438833333333333 0.3991990483217759 0.9415
49500 0.39981250563904586 0.9444333333333333 0.39683357490849813 0.9414
50000 0.3977920955757301 0.9443833333333334 0.39464873360315916 0.9421
50500 0.39572567343673665 0.9449166666666666 0.39411842229136057 0.9427
51000 0.3941716563414615 0.9451666666666667 0.3920747274060196 0.9429
51500 0.3915673793115697 0.9458166666666666 0.3902690106022077 0.9427
52000 0.38952507734349245 0.9456166666666667 0.38824345550472206 0.9429
52500 0.3876467733775483 0.9461666666666667 0.38708363177016447 0.9431
53000 0.38584792721348443 0.9465833333333333 0.3852992009819542 0.9435
53500 0.3843202446963975 0.9468166666666666 0.3842202368599399 0.944
54000 0.3815014491508581 0.9472666666666667 0.38162062095966204 0.9447
54500 0.3802371971529055 0.9472333333333334 0.3810688010719544 0.9444
55000 0.3779507549792374 0.9476333333333333 0.37886963145514996 0.945
55500 0.3760912355503082 0.9479666666666666 0.37706030412432223 0.9459
56000 0.3740033871194616 0.9484 0.37631462178582714 0.9448
56500 0.3719178498813489 0.9485 0.3733249880246195 0.9454
57000 0.3705228511125219 0.9487333333333333 0.37244375221789844 0.9457
57500 0.36891885420358883 0.9489333333333333 0.37150414840325846 0.9464
58000 0.36701153525206365 0.94925 0.3700742808779573 0.9462
58500 0.36489125952093654 0.94985 0.3677253070898964 0.947
59000 0.362838653689876 0.9499 0.3655728878075385 0.9469
59500 0.3619419753373457 0.9500833333333333 0.36574644845896687 0.9472
60000 0.3592171393447923 0.95025 0.36264978804826115 0.9473
60500 0.3575538343358441 0.95085 0.3613633959486904 0.9475
61000 0.35573103122127164 0.9507666666666666 0.36017419176060056 0.9473
61500 0.3544915555943588 0.9508833333333333 0.35919110434852614 0.9479
62000 0.35237660774223445 0.95125 0.3574818295758472 0.9479
62500 0.3515467402517752 0.9515333333333333 0.35627931719845496 0.9486
63000 0.3493426098812174 0.9519166666666666 0.3543029884406336 0.949
63500 0.34743039054423264 0.9518833333333333 0.3531629739344867 0.9485
64000 0.34581106105336534 0.9523166666666667 0.3516895989516923 0.9493
64500 0.3442655049210606 0.9527833333333333 0.3506104870966318 0.9498
65000 0.3431503694389469 0.9529 0.34926604567943986 0.9505
65500 0.3414559377208272 0.9531 0.34759322188876524 0.9504
66000 0.3395900544049794 0.9533 0.34629623929188624 0.9507
66500 0.3381138611739031 0.9531833333333334 0.3448135100229132 0.9507
67000 0.33628384630341784 0.9536166666666667 0.3430036776528562 0.9515
67500 0.33474090660086075 0.9541166666666666 0.3419813261919389 0.9521
68000 0.33336147197008725 0.95435 0.34195517814126175 0.9512
68500 0.3318374307625339 0.9543833333333334 0.3404190693925628 0.9519
69000 0.33034776407074606 0.9546333333333333 0.33794017110068447 0.9517
69500 0.329046634140226 0.9548833333333333 0.33813902500808773 0.9516
70000 0.32809266604611786 0.9545666666666667 0.33699539139900836 0.9524
70500 0.32563577668442933 0.9552833333333334 0.33456500072065576 0.9531
71000 0.3246048693849415 0.9555166666666667 0.3334893453519584 0.9526
71500 0.32294585048036306 0.9555333333333333 0.332347296762541 0.9527
72000 0.3220571392909907 0.95585 0.33164832105253694 0.9533
72500 0.3202499742400693 0.9561166666666666 0.32976041698673625 0.9538
73000 0.3185624108349728 0.95625 0.32857307915410866 0.9534
73500 0.3171464207960725 0.9564166666666667 0.32713972384009565 0.9538
74000 0.3165577496446344 0.9563333333333334 0.32655282794523083 0.9542
74500 0.314882182985073 0.9565833333333333 0.3256910954344979 0.9538
75000 0.3132902894970579 0.957 0.32451665576708033 0.9542
75500 0.31197520423135944 0.9571 0.3230175483373579 0.9541
76000 0.31074072204456765 0.9573666666666667 0.321805268798491 0.9547
76500 0.30958743411726375 0.9575166666666667 0.3210896637537908 0.9549
77000 0.30816989142796986 0.9577666666666667 0.31920554797185435 0.9554
77500 0.30672213373516233 0.95815 0.3187808649700629 0.9549
78000 0.30566706268112337 0.9580666666666666 0.31809532330797696 0.9556
78500 0.30432136991046194 0.9584833333333334 0.3160995519295862 0.9563
79000 0.3030831356374065 0.9583666666666667 0.31610076512251384 0.9553
79500 0.30167250335859 0.9585333333333333 0.3144946299336379 0.9557
80000 0.3004503494407633 0.9588666666666666 0.3133534636369695 0.9558
80500 0.29938642152291506 0.9590666666666666 0.3123287703781206 0.9567
81000 0.29904690788591914 0.9593166666666667 0.311477584263605 0.9575
81500 0.29679929845035696 0.9594666666666667 0.3100939167038472 0.9562
82000 0.2954979709826299 0.9595333333333333 0.3089699751278585 0.9569
82500 0.2954210297003922 0.9599 0.3098283899640154 0.9571
83000 0.2934629891332067 0.9601 0.30730319902477715 0.9571
83500 0.2933893706077899 0.9597166666666667 0.30711050890977537 0.9571
84000 0.2908525353670818 0.96035 0.3052410348268039 0.9571
84500 0.28948782371772286 0.9607166666666667 0.3039840954855259 0.9574
85000 0.28848689172089187 0.9607666666666667 0.30281652747627436 0.9579
85500 0.2873676563926689 0.9609333333333333 0.30233054786543706 0.958
86000 0.2860935331866115 0.9612 0.30115362561589776 0.9583
86500 0.2850289404546909 0.9614 0.3001531289697277 0.9582
87000 0.28404270464695763 0.9616666666666667 0.2994187712984979 0.9579
87500 0.28300885632849315 0.9617166666666667 0.2986819510611016 0.9587
88000 0.28205438341657146 0.9617833333333333 0.2975834756185388 0.9586
88500 0.2813029492743602 0.9615666666666667 0.2970721634636244 0.9585
89000 0.279851160280098 0.9618333333333333 0.2965790841940362 0.9583
89500 0.27871137889289843 0.9623 0.2951999314475734 0.959
90000 0.2774485415081112 0.9624666666666667 0.294049890234542 0.9586
90500 0.27633205359743856 0.9623333333333334 0.29324667882126293 0.9587
91000 0.27585525451456955 0.96235 0.2920843626727622 0.9591
91500 0.27433299825473734 0.9626333333333333 0.2911885233165179 0.9592
92000 0.273624125473907 0.9629166666666666 0.2913754207284137 0.9588
92500 0.2730963018358567 0.9629333333333333 0.2904047387957082 0.9591
93000 0.2713541623433914 0.9630333333333333 0.28866477284577147 0.9594
93500 0.2701478926753703 0.9633333333333334 0.2876883491916185 0.9595
94000 0.2701881783902298 0.9632666666666667 0.2873221224195454 0.9596
94500 0.26873276916851013 0.9634333333333334 0.2864534440095498 0.9597
95000 0.2676035822597156 0.9636333333333333 0.28608708800080707 0.9601
95500 0.26637868720327584 0.9638166666666667 0.28535260889840103 0.9601
96000 0.2655383149610106 0.96405 0.2843021887025052 0.96
96500 0.2653506121580486 0.96375 0.28389366138783156 0.9601
97000 0.26366764540433596 0.9643166666666667 0.28205498028922515 0.9602
97500 0.2629128122625191 0.9643166666666667 0.2819525607669029 0.9601
98000 0.26190966367741475 0.9646333333333333 0.28152669713236167 0.9606
98500 0.26067462260936425 0.9646333333333333 0.2798117795024139 0.9604
99000 0.2602589369726123 0.9648333333333333 0.27992579897011305 0.9603
99500 0.2585668993390985 0.9651833333333333 0.27855394631731306 0.9603
100000 0.25797128860929186 0.9651833333333333 0.27757694501342317 0.9615
100500 0.25715074943694183 0.9652166666666666 0.27730541299184347 0.9612
101000 0.25625353567452935 0.9657166666666667 0.2765418985892786 0.9613
101500 0.25549669159542676 0.9657166666666667 0.2761932367646982 0.9608
102000 0.25438287281336297 0.9658833333333333 0.27492993759900286 0.9615
102500 0.25342301025205044 0.9659666666666666 0.27435558319627656 0.9615
103000 0.2523846192462383 0.9660833333333333 0.2728331539130543 0.9619
103500 0.25159619482799933 0.9662 0.2725945345374417 0.9618
104000 0.25110551183453184 0.9660833333333333 0.2722429027800119 0.9622
104500 0.24981452268261595 0.9665 0.27114440966754627 0.9623
105000 0.24919482448964117 0.9665166666666667 0.27057100997922706 0.9623
105500 0.24811430422320116 0.96665 0.2696385101291092 0.9624
106000 0.24742953060766198 0.96685 0.26931866839964286 0.9624
106500 0.24703521124566954 0.9667833333333333 0.2687345180582671 0.9619
107000 0.24563739106825924 0.9668666666666667 0.2675170033282275 0.9626
107500 0.2448408538089566 0.9672666666666667 0.26735564654720995 0.9629
108000 0.24474456340558898 0.9673 0.26686224139383313 0.9631
108500 0.24321223896280733 0.9675 0.2655832317365925 0.9627
109000 0.24258170587006178 0.9675666666666667 0.26529267108450516 0.9627
109500 0.24143140557626347 0.9674833333333334 0.26423149086980396 0.9626
110000 0.24066692727609965 0.96765 0.26400937888484194 0.9629
110500 0.24008186831477893 0.9682333333333333 0.26328036563108775 0.9633
111000 0.23925252606260564 0.9680666666666666 0.26265823700049507 0.963
111500 0.23849627957426917 0.9682333333333333 0.2620929081928811 0.9631
112000 0.23750912965047496 0.9682166666666666 0.2611117410488391 0.9635
112500 0.23697341025998542 0.9683333333333334 0.2609478201341682 0.9633
113000 0.23670289839467543 0.9687 0.2603912441140637 0.9643
113500 0.2358277888801482 0.9687833333333333 0.2595556969002673 0.9647
114000 0.23475878738168 0.9687666666666667 0.25901411827316057 0.9637
114500 0.2343683003360517 0.9689833333333333 0.2583958594234641 0.9645
115000 0.23326239331128937 0.9691166666666666 0.2578773076616622 0.9637
115500 0.23244834442999054 0.96935 0.2573587022561416 0.9642
116000 0.23155765733721126 0.9695666666666667 0.25641983566758153 0.9639
116500 0.23080851743325906 0.9696333333333333 0.2557014299964745 0.9645
117000 0.23012043958906653 0.9698833333333333 0.25551353192285664 0.9645
117500 0.22966255354700446 0.9698666666666667 0.2550148984882431 0.965
118000 0.2288144759255502 0.9697833333333333 0.2542910064471971 0.9645
118500 0.22858143205016326 0.9701166666666666 0.2540401612826252 0.9645
119000 0.22712001987006833 0.9703166666666667 0.25312634230069025 0.9645
119500 0.2265879211747447 0.9701666666666666 0.2522717626489288 0.9649
120000 0.22606046854387807 0.9704 0.2521629855186651 0.965
120500 0.2256531335159357 0.9704833333333334 0.25195396237217427 0.9648
121000 0.22489388771492377 0.9704333333333334 0.2510036459865454 0.9654
121500 0.22379565897055875 0.97085 0.25069645670020135 0.9652
122000 0.22315676454633177 0.9707 0.24949573340916106 0.965
122500 0.22227947287877747 0.97095 0.2490362740104743 0.9648
123000 0.22148903249595064 0.9710166666666666 0.24836127540254657 0.9649
123500 0.2211097909066923 0.9711166666666666 0.24770800947156513 0.9657
124000 0.22069901186996987 0.9712166666666666 0.24809433804773084 0.9656
124500 0.2195798490872083 0.9714333333333334 0.2466892661805241 0.9656
125000 0.21892888184795067 0.97145 0.24615317765041123 0.9661
125500 0.21850496770241495 0.9716333333333333 0.24579366420603066 0.9658
126000 0.2178623490570825 0.9716 0.24497017635632762 0.966
126500 0.21726995913125513 0.9717166666666667 0.24498484812705124 0.9664
127000 0.21641128560679124 0.97195 0.2442122800362234 0.9656
127500 0.21580048741179472 0.9720166666666666 0.24405872021987848 0.9659
128000 0.21529119695448917 0.9721166666666666 0.24394786221020656 0.9661
128500 0.21455745955097016 0.97205 0.24282482043408132 0.9659
129000 0.2138722625667297 0.9723 0.24249876284445865 0.9666
129500 0.21364912091539068 0.97215 0.24225602172615995 0.9666
130000 0.2130507846688952 0.9724166666666667 0.24199609946968315 0.9668
130500 0.21294678922820826 0.9724 0.24197543612162659 0.9667
131000 0.21129854986713167 0.9726666666666667 0.24022475605018062 0.9668
131500 0.2107711864652055 0.9726166666666667 0.24005038029364728 0.9668
132000 0.2100358092424411 0.9728 0.23925226248104356 0.9666
132500 0.20931456535695503 0.9728666666666667 0.23897459621697864 0.9668
133000 0.2094240021398625 0.9729166666666667 0.23861486464638834 0.9673
133500 0.2085646220633257 0.9727833333333333 0.2381375593959429 0.9669
134000 0.2084188504039932 0.9730666666666666 0.23859952302742352 0.9667
134500 0.206960439368142 0.97325 0.23690295928380353 0.9676
135000 0.2069116616043665 0.97315 0.23678911910584657 0.9671
135500 0.2062077257703785 0.9734666666666667 0.2361317583118224 0.9676
136000 0.20519401678586827 0.9735 0.23552593054671936 0.9676
136500 0.20501871667723087 0.9735333333333334 0.23545433421061499 0.9667
137000 0.20442552053803903 0.9735333333333334 0.23518023727539245 0.967
137500 0.204352819405253 0.9736333333333334 0.23509210340344164 0.9676
138000 0.20310391482948437 0.9737 0.23381382988491264 0.9676
138500 0.20276088954693486 0.9737666666666667 0.23399689739495816 0.9671
139000 0.20308416731234 0.9740333333333333 0.23423080350246697 0.9679
139500 0.2016584481525921 0.9740666666666666 0.2328807525190636 0.9682
140000 0.2005823371048115 0.9743 0.2320831767002453 0.9677
140500 0.2004923844669064 0.97435 0.23223914257579054 0.9675
141000 0.19976405272470663 0.9742833333333333 0.2313452370387011 0.9684
141500 0.2000757847283349 0.9742333333333333 0.23237243957277065 0.9679
142000 0.19884368122308715 0.97415 0.23086213687419951 0.968
142500 0.19842420524317705 0.97435 0.2303662056875796 0.9686
143000 0.19805997839793907 0.97435 0.23089291672225695 0.9673
143500 0.1970595779463937 0.9746166666666667 0.22927329061172083 0.9685
144000 0.19633343527484104 0.9747333333333333 0.22885052518946147 0.9682
144500 0.195918834013932 0.9744833333333334 0.2287744632881043 0.9683
145000 0.19517143679484153 0.9747666666666667 0.22782726039316614 0.968
145500 0.19500981596901978 0.9746833333333333 0.22762831997925884 0.9688
146000 0.19458212507175235 0.97505 0.2274417798523333 0.9687
146500 0.19381847642483582 0.9751 0.22716831258443376 0.9683
147000 0.19394337563535077 0.975 0.2273476691274857 0.968
147500 0.19294385350841134 0.9749666666666666 0.22643076944465684 0.968
148000 0.19209145819432635 0.9751166666666666 0.22574864672791647 0.9683
148500 0.19176946405391296 0.97545 0.22540106787995856 0.969
149000 0.19103272313738007 0.9752666666666666 0.22487833779458816 0.9687
149500 0.19077778483934965 0.9755166666666667 0.22504799020804667 0.9687
150000 0.1900738877386246 0.9754833333333334 0.22422157449234856 0.9687
150500 0.1899022099932036 0.9755 0.22421233507809027 0.9689
151000 0.18952867469275186 0.9757 0.22394175372273845 0.9686
151500 0.18894361181502747 0.9755666666666667 0.2232282418969356 0.9688
152000 0.18853650986113507 0.9758 0.22332713084602102 0.9687
152500 0.18772066232817017 0.9757166666666667 0.22242602844383175 0.9691
153000 0.1870560076032027 0.9759833333333333 0.22223263140099153 0.969
153500 0.18712285379606566 0.97575 0.22193089396972396 0.9692
154000 0.1861513295970719 0.9759166666666667 0.22112322629480433 0.9691
154500 0.18594933364099123 0.97595 0.22091452582857146 0.969
155000 0.18532942077275474 0.9760666666666666 0.22065149628535516 0.9691
155500 0.184786434597875 0.9761166666666666 0.22016869994810506 0.9692
156000 0.18417864663062683 0.9761666666666666 0.21990505817713457 0.9694
156500 0.18374405860371895 0.9762333333333333 0.21965675904349619 0.9693
157000 0.18354609049067983 0.9764 0.21982962924283775 0.969
157500 0.18379831022746881 0.9764 0.21946831456550883 0.9697
158000 0.18230163882039638 0.97655 0.2187225662139208 0.9694
158500 0.1820726319894672 0.97655 0.21868719005699022 0.9697
159000 0.18154058954963248 0.9764666666666667 0.2181795368075839 0.9697
159500 0.18100408334222848 0.9767 0.2175645578118249 0.9696
160000 0.18113515734433192 0.9767 0.2178500926355055 0.9697
160500 0.18058984418412063 0.9767833333333333 0.21729419525330118 0.9692
161000 0.17996804234900987 0.9768 0.21723507054131794 0.9699
161500 0.17981953490301517 0.9766333333333334 0.21682558620493325 0.9694
162000 0.1788416634089921 0.9770333333333333 0.21641940500659 0.9696
162500 0.17847538571948374 0.9770833333333333 0.2155839024917559 0.9701
163000 0.17792356469209636 0.97705 0.2153502360322441 0.9701
163500 0.17765528655757543 0.9773 0.2155527482078017 0.9702
164000 0.17716445315005933 0.9771833333333333 0.21511755048387304 0.97
164500 0.1773283297936193 0.9773333333333334 0.2154614567818414 0.9698
165000 0.17620853313115126 0.9775166666666667 0.21450326965720343 0.9702
165500 0.17569870334630033 0.9775166666666667 0.2135010027030934 0.9707
166000 0.1755925956497655 0.9774166666666667 0.21392586287918608 0.9702
166500 0.1752990692277029 0.9774666666666667 0.21300830642734386 0.9707
167000 0.17482095315028165 0.9775666666666667 0.21263490731631907 0.9711
167500 0.17392444259843126 0.9778333333333333 0.21292002533587162 0.9702
168000 0.17406834498579138 0.9775833333333334 0.2126414319843323 0.9707
168500 0.17325522285238915 0.9778666666666667 0.21200223746560207 0.9707
169000 0.1728146289387126 0.9778333333333333 0.2120924943627407 0.9705
169500 0.17229382737529972 0.9779166666666667 0.21182798273251358 0.9708
170000 0.17190433246297118 0.9779333333333333 0.21096705914352543 0.9706
170500 0.1718562805115055 0.9781333333333333 0.2116407720185528 0.9705
171000 0.1714624082463938 0.97805 0.2113603222281077 0.9703
171500 0.17052395252851923 0.9780333333333333 0.20990805243497718 0.9709
172000 0.17056641861478478 0.9782333333333333 0.2104809764902076 0.9705
172500 0.1699611016180898 0.9784166666666667 0.21016179652560993 0.9711
173000 0.16990137673470393 0.9781666666666666 0.2097576318760218 0.9712
173500 0.16938501094334554 0.9786166666666667 0.20990423032767236 0.971
174000 0.16863794928661324 0.9783833333333334 0.20850396505517552 0.971
174500 0.16832095815904397 0.97855 0.20816434541903492 0.9712
175000 0.16788111257571156 0.9787166666666667 0.20855219067008768 0.9711
175500 0.16803049608404208 0.9785666666666667 0.20886169977230762 0.971
176000 0.16698184678945396 0.9787 0.20761534150397892 0.9715
176500 0.16656885461520932 0.9786333333333334 0.20737465881402065 0.9716
177000 0.16660307967988913 0.9789 0.2075367657017721 0.9711
177500 0.165803751172635 0.9787833333333333 0.2067529413799552 0.9717
178000 0.165537778765551 0.9788666666666667 0.2064842627181664 0.9715
178500 0.16552530044561178 0.9788833333333333 0.20621967559406662 0.9716
179000 0.16463474221239158 0.9790833333333333 0.2060274209988982 0.9716
179500 0.16432118871595808 0.9792166666666666 0.20596808874645264 0.9717
180000 0.1641234924802125 0.9794166666666667 0.20584059506201402 0.9713
180500 0.1636510657304685 0.97925 0.20543399478452948 0.972
181000 0.16308895444728516 0.9793833333333334 0.20520816226192665 0.9715
181500 0.1630514974734968 0.9794666666666667 0.205525174318266 0.9715
182000 0.16311475081656718 0.97925 0.20462622426442403 0.9721
182500 0.16240655871748658 0.97945 0.2047776266844892 0.9717
183000 0.16207984639336798 0.9795 0.2041924530982744 0.9721
183500 0.16142342237695628 0.9797333333333333 0.20402294488309516 0.9718
184000 0.16098975129668605 0.9795833333333334 0.20329873762184064 0.9718
184500 0.16056636164812974 0.9798 0.20318219335969773 0.9721
185000 0.1601758253270863 0.9799166666666667 0.20304451686054412 0.9718
185500 0.16000025340791965 0.97995 0.20294585636878879 0.9723
186000 0.15960999640910617 0.9799833333333333 0.2025985478097257 0.9721
186500 0.15923500578768401 0.98005 0.20210337265679323 0.9723
187000 0.15882764368661004 0.9801 0.20210738710382026 0.9723
187500 0.15845619098474437 0.9800166666666666 0.2015512019109717 0.9721
188000 0.1579863447388687 0.9801833333333333 0.20170241110228537 0.972
188500 0.15824422037772595 0.9803166666666666 0.20245759311620878 0.9721
189000 0.15773502642540907 0.9802666666666666 0.20133381085176924 0.9721
189500 0.15698757800724883 0.9803 0.20108294222373224 0.9721
190000 0.15687158596389636 0.9804166666666667 0.20093955932627525 0.9718
190500 0.1563613979493208 0.9805333333333334 0.2005351455736574 0.9721
191000 0.1560655038850146 0.9805833333333334 0.20035014671872353 0.972
191500 0.15616467598646053 0.9805833333333334 0.20066804569472751 0.9723
192000 0.1556788398358356 0.9805 0.20007710751032126 0.9723
192500 0.15516612916172937 0.9807 0.19924547086399472 0.9724
193000 0.15469977664371898 0.9808333333333333 0.19910535658189424 0.9721
193500 0.154343882371292 0.9808333333333333 0.19940908249516012 0.9722
194000 0.15418361395293137 0.98075 0.19925954396207915 0.9721
194500 0.1537410544007202 0.9809666666666667 0.1987197095098241 0.9725
195000 0.15316830677644627 0.9809333333333333 0.19853772478886922 0.9724
195500 0.15281529514549497 0.9810333333333333 0.19789827281508376 0.9725
196000 0.15302008863940356 0.9807833333333333 0.19817586484644256 0.9726
196500 0.15229575084850044 0.9813166666666666 0.19767011059259798 0.9727
197000 0.1522729592867874 0.9812833333333333 0.19817079283583028 0.9726
197500 0.15179926522639145 0.9813 0.1974365539341603 0.9731
198000 0.15131612094784955 0.9814 0.19727020263736197 0.9721
198500 0.15148001158987912 0.9814333333333334 0.197319265774474 0.9725
199000 0.15089161479379012 0.9812166666666666 0.19775159722739888 0.9728
199500 0.15036879677627427 0.9812833333333333 0.1969859859455675 0.9726
200000 0.15027634124238182 0.9814166666666667 0.19648352075963463 0.9729
200500 0.1495770240743822 0.9816666666666667 0.19593825336556758 0.9725
201000 0.1492714658131685 0.9816 0.1961735263476447 0.9728
201500 0.1488958084357355 0.98175 0.19602336323267205 0.973
202000 0.14866019223957735 0.9819166666666667 0.1956315153578798 0.9727
202500 0.1485936314935188 0.9816666666666667 0.1955687979679647 0.973
203000 0.1481915504799473 0.9818833333333333 0.19519337510994372 0.9729
203500 0.14784875377905035 0.9818666666666667 0.19485059556790738 0.9731
204000 0.14726199855183078 0.9820833333333333 0.19486164222438007 0.9728
204500 0.14706042217722703 0.98215 0.19471526451622564 0.973
205000 0.14668118204306946 0.9821666666666666 0.19391197858860929 0.973
205500 0.14646412724224775 0.9821 0.19403282540911404 0.973
206000 0.14638084753751263 0.9821666666666666 0.19471431042857812 0.9727
206500 0.1456616626691785 0.9824333333333334 0.19379255203695325 0.9728
207000 0.1454862374768837 0.9822833333333333 0.19316501246188564 0.973
207500 0.14567210055746288 0.98225 0.1938950538649192 0.9729
208000 0.14480189617278358 0.9824333333333334 0.19300037384530444 0.9728
208500 0.14465206089834237 0.9825 0.19323282810988715 0.973
209000 0.14418686699061467 0.9826166666666667 0.1927927042656428 0.9728
209500 0.14380480636643309 0.9825666666666667 0.19236310432357645 0.9733
210000 0.14362801313678694 0.9826166666666667 0.19240497045784233 0.9735
210500 0.14370840876493937 0.9826333333333334 0.19259319322026716 0.9731
211000 0.1432218038038085 0.9828 0.1924761130035868 0.9731
211500 0.14293039290597234 0.9826333333333334 0.1917773497882807 0.9736
212000 0.1426023816694521 0.9827166666666667 0.1918766930451696 0.9734
212500 0.1421430879795084 0.9829 0.19135967857983296 0.9738
213000 0.14181929885769923 0.9828666666666667 0.19121826864414584 0.9735
213500 0.1414723891602271 0.9830166666666666 0.19088827252513665 0.9737
214000 0.14135882326135 0.983 0.19114709262011426 0.9739
214500 0.14158226680428862 0.9827166666666667 0.19131954008590799 0.9735
215000 0.14080480230101008 0.9829333333333333 0.19071150377662047 0.9739
215500 0.1406870661011186 0.98315 0.19072304088440545 0.9734
216000 0.14026368697318803 0.9830833333333333 0.1904134968761327 0.9736
216500 0.1397524494613943 0.9832666666666666 0.18994640320095454 0.9737
217000 0.1396092090896844 0.9831666666666666 0.1898359108806929 0.9737
217500 0.1391406584082019 0.9833833333333334 0.18963026636934746 0.9735
218000 0.1388804805523992 0.9832333333333333 0.18953535567513816 0.9738
218500 0.13856906172238675 0.9833 0.18897132787812934 0.9737
219000 0.1383176582982355 0.9834166666666667 0.18922543179498963 0.9737
219500 0.1383393362203591 0.9833833333333334 0.18921906103545025 0.9739
220000 0.13796591352071944 0.9835833333333334 0.18920147001262996 0.9739
220500 0.137505900161909 0.9836166666666667 0.18898839745175833 0.9739
221000 0.13795704148898555 0.9834333333333334 0.18917708371523956 0.9738
221500 0.1373865696957189 0.9836166666666667 0.18841576028592996 0.9735
222000 0.13691542887739908 0.9835666666666667 0.18886107467169413 0.9743
222500 0.13667159671574325 0.9836833333333334 0.18842514922463047 0.9737
223000 0.13609661820222205 0.9837833333333333 0.1879840831355654 0.9739
223500 0.13674820910589647 0.9838 0.18852598899151513 0.9738
224000 0.13589474711445831 0.9838166666666667 0.18788125185633017 0.9738
224500 0.13527582572099933 0.9839333333333333 0.18721040864389477 0.9739
225000 0.13498477760952388 0.9839166666666667 0.1870069538302229 0.9739
225500 0.13489689646024894 0.9839333333333333 0.18745603734414248 0.9745
226000 0.13449872988641356 0.98405 0.1867837519645603 0.9739
226500 0.13408874609107263 0.9841666666666666 0.18651818713351667 0.9741
227000 0.13390319558081135 0.98415 0.18657827743463815 0.974
227500 0.13365630027691072 0.9841166666666666 0.18671744780149072 0.9743
228000 0.1333081465121483 0.98415 0.1866201811902733 0.9741
228500 0.13322253203399756 0.9841833333333333 0.18619496545480585 0.9744
229000 0.13312152966199564 0.9843 0.1864220709880043 0.9742
229500 0.13260663365462827 0.9843333333333333 0.18580260270025958 0.9745
230000 0.13235668668765882 0.9844 0.18613303752285087 0.9742
230500 0.13197419247869038 0.9844166666666667 0.18572980852801066 0.9745
231000 0.1318066332546767 0.9844166666666667 0.1851062967654774 0.9744
231500 0.13145722392101042 0.9845166666666667 0.18478818716951081 0.9744
232000 0.1314013717409935 0.9844833333333334 0.18481219890245038 0.9742
232500 0.13102880457847246 0.9846 0.18509622353010236 0.9747
233000 0.13086399093700454 0.9846666666666667 0.1850845878476486 0.9745
233500 0.1307741991932309 0.9846833333333334 0.18449983348348123 0.9746
234000 0.13056488724189655 0.98465 0.1847229047045315 0.9742
234500 0.13020178812785196 0.9846833333333334 0.18454927973341054 0.9747
235000 0.12986425346851685 0.9847666666666667 0.18457900729602097 0.9746
235500 0.12956143620838617 0.9848333333333333 0.18400903286866419 0.9746
236000 0.1297206644766975 0.9848833333333333 0.18419976717551806 0.9751
236500 0.1290414092385955 0.9848333333333333 0.183817884711324 0.9746
237000 0.12861839052241583 0.98495 0.18377181515000893 0.9746
237500 0.12847300793609376 0.98485 0.18360946192558555 0.9746
238000 0.12846558110770792 0.9849166666666667 0.18338384284424114 0.975
238500 0.1279550734491374 0.9849833333333333 0.1836216666844035 0.9748
239000 0.1276307441381947 0.9850666666666666 0.18318049114176566 0.9749
239500 0.1274410344230945 0.98525 0.18298798552051626 0.9746
240000 0.12734818990850022 0.9851166666666666 0.1832627776418249 0.975
240500 0.127248720175351 0.9851166666666666 0.18297688372803556 0.9744
241000 0.1267761013522891 0.9851166666666666 0.18248916456993897 0.9748
241500 0.12649498761686825 0.9853166666666666 0.18218757799019283 0.975
242000 0.12624285112813083 0.9852833333333333 0.18232590373204433 0.9748
242500 0.12630099326968589 0.9852833333333333 0.18298506509758847 0.975
243000 0.12587328474837184 0.9852833333333333 0.18227609893596416 0.9752
243500 0.12559087873464 0.9852666666666666 0.18197838540300756 0.9747
244000 0.12528992583514278 0.9854166666666667 0.1818415161743126 0.9753
244500 0.1250241512491759 0.98525 0.18124910797637916 0.9748
245000 0.12481931613080041 0.98535 0.18160793699443312 0.9754
245500 0.12510522338625016 0.9855166666666667 0.1818674388639938 0.9751
246000 0.12432005931300923 0.9855 0.18176703752295637 0.9752
246500 0.12420824394377625 0.9854666666666667 0.18063381409353485 0.9748
247000 0.1238378363519385 0.98565 0.18137538403144873 0.9754
247500 0.12384072714462453 0.9856333333333334 0.18093316145045293 0.9751
248000 0.12341517911878971 0.9856666666666667 0.18090138594563662 0.975
248500 0.12320700889528463 0.9855833333333334 0.18092548153572222 0.9752
249000 0.12286422653096295 0.98565 0.18021313582084017 0.9755
249500 0.12278754474145202 0.9856666666666667 0.1801839256899009 0.9759
250000 0.12305145066929278 0.9858166666666667 0.18058040852161908 0.9754
250500 0.12221889330254382 0.98575 0.17994223991349864 0.9754
251000 0.12193726248084819 0.9857 0.18004371433644534 0.9756
251500 0.12214432545786576 0.9858 0.18092377747587982 0.9754
252000 0.12181441136075602 0.9860333333333333 0.1804637465973183 0.9753
252500 0.12143866177170105 0.9858333333333333 0.179541488693014 0.9755
253000 0.12108793136715032 0.9858166666666667 0.17954269449742996 0.9755
253500 0.12094174115926615 0.98595 0.17996660570435535 0.9754
254000 0.12059278859827982 0.9860333333333333 0.17923339424802187 0.9754
254500 0.12038373898843535 0.9859166666666667 0.17871844628842334 0.975
255000 0.12060078347003561 0.98615 0.17955810576106723 0.9753
255500 0.1202097577942584 0.9862333333333333 0.17959296935580749 0.9754
256000 0.11974668596165908 0.9860833333333333 0.178620428825389 0.9757
256500 0.11947179702176004 0.9859833333333333 0.17891366888855484 0.9754
257000 0.11927948660389745 0.9861333333333333 0.17884152232663314 0.9759
257500 0.11931888640336404 0.9861166666666666 0.17864990077219836 0.9757
258000 0.1188231596889441 0.9862166666666666 0.17876975783317717 0.9757
258500 0.11862654838668704 0.9862 0.17794093846314857 0.9758
259000 0.11854002022521952 0.98645 0.17838395203013868 0.9758
259500 0.11816615305541153 0.9863166666666666 0.17854606489432653 0.9758
260000 0.11786272605285891 0.9863166666666666 0.17812713547117234 0.9759
260500 0.11771640237755818 0.9862333333333333 0.17765707240824652 0.9757
261000 0.1174432978700099 0.9863833333333333 0.1774007681839648 0.976
261500 0.11734464237043642 0.9864166666666667 0.17739558649962558 0.976
262000 0.11731244057487356 0.9864166666666667 0.17743595201571793 0.976
262500 0.11707726899625281 0.9865833333333334 0.17742074851740347 0.976
263000 0.11672982557252026 0.9865666666666667 0.1775940824496964 0.9759
263500 0.11646675017506869 0.9865 0.1774117132622064 0.9762
264000 0.11639106726974174 0.98655 0.1770921570934203 0.9755
264500 0.11608179109766073 0.9866166666666667 0.17694694136495265 0.9762
265000 0.11579836984720354 0.9865666666666667 0.17731687784635425 0.9761
265500 0.11550095067325436 0.98675 0.17673196701342905 0.9761
266000 0.1152933756589565 0.98655 0.17666983382902587 0.9763
266500 0.11511170769330374 0.9866833333333334 0.17654340063603505 0.9766
267000 0.11501815990771964 0.9866333333333334 0.17674111147333424 0.9763
267500 0.11466017328256811 0.9868166666666667 0.17611559320001413 0.9763
268000 0.11443702467594767 0.9867833333333333 0.17654238676944553 0.9763
268500 0.11438093959882648 0.98685 0.17620346709796397 0.9761
269000 0.11404450692111631 0.9868 0.17609905379226923 0.9764
269500 0.11421516078593157 0.9867333333333334 0.1765643140533905 0.9761
270000 0.11377755483915769 0.98705 0.17604888035082827 0.9767
270500 0.11363675648835432 0.9869333333333333 0.1757767419010552 0.9761
271000 0.11325772199268895 0.9870666666666666 0.17578641734475664 0.9767
271500 0.11316179836906072 0.9869 0.175600654132527 0.976
272000 0.11319862050273184 0.9868666666666667 0.17558009474482708 0.976
272500 0.11278982908515527 0.9871833333333333 0.17566247171006982 0.9763
273000 0.11273445184709023 0.9871666666666666 0.17615052727072084 0.9766
273500 0.11230164179595703 0.9871666666666666 0.1752278325405155 0.9768
274000 0.11194948475357952 0.98715 0.17502433987210578 0.9764
274500 0.1117927576042435 0.9872166666666666 0.17519412951563423 0.9764
275000 0.11179115606363182 0.9872666666666666 0.17522120204894884 0.976
275500 0.1117028905331324 0.9872333333333333 0.17551441940341092 0.9767
276000 0.1114155292884895 0.9873 0.17450345559120437 0.9764
276500 0.11098764404831053 0.9873166666666666 0.17436146303807376 0.9762
277000 0.11088657075161615 0.9873833333333333 0.17401233440235744 0.9765
277500 0.11071106172071518 0.9874 0.17457864360341319 0.9761
278000 0.1106059942851723 0.9873166666666666 0.17422042281695085 0.9767
278500 0.1102927091028483 0.9874333333333334 0.1744321923635863 0.9764
279000 0.11047458270685748 0.9873666666666666 0.17424941440779368 0.9767
279500 0.11023836326034826 0.9874333333333334 0.1747232846700075 0.9765
280000 0.10995564929047966 0.9875 0.17379459089558322 0.9763
280500 0.1094496988216281 0.9875666666666667 0.1737361755615328 0.9767
281000 0.1092494132917564 0.9876 0.1737087681001697 0.9766
281500 0.10918217201218572 0.98755 0.17386904243655008 0.9765
282000 0.10949304885885963 0.9875 0.17404763457710815 0.9767
282500 0.10864634748379637 0.9875833333333334 0.17363560086888274 0.9763
283000 0.10890919763086336 0.9876833333333334 0.1732872716700528 0.9766
283500 0.10834677476964712 0.9876833333333334 0.17345070860970974 0.9765
284000 0.10815869880078388 0.9876666666666667 0.17349351480125916 0.9766
284500 0.10815849953510523 0.9878833333333333 0.17318599296428788 0.977
285000 0.10779102435691888 0.9878166666666667 0.17265585286425503 0.9765
285500 0.1075528518293495 0.9878333333333333 0.17269225874192054 0.9769
286000 0.10808350544680048 0.9876833333333334 0.17317574573865288 0.9766
286500 0.107230697117354 0.9878333333333333 0.17222507590831926 0.9761
287000 0.10754189237869204 0.9878166666666667 0.17314707457669007 0.9765
287500 0.10682708213108082 0.98795 0.17239986401915505 0.9767
288000 0.10659018138604148 0.9879666666666667 0.17243320374189888 0.9767
288500 0.10661446792335401 0.9878166666666667 0.17255370805005574 0.9761
289000 0.10644729570797438 0.9880333333333333 0.17238150162734317 0.9767
289500 0.10606909985452509 0.9881666666666666 0.17222890337230506 0.9768
290000 0.10587363397186297 0.9881 0.17267440842063395 0.9765
290500 0.10573391660335846 0.9881333333333333 0.17226580666338207 0.9768
291000 0.10558011976270963 0.9881 0.17211961962111438 0.9766
291500 0.10524533566261186 0.9881666666666666 0.17162371390853753 0.9765
292000 0.10569477967472689 0.9880333333333333 0.17184737513420792 0.9773
292500 0.10499917470204127 0.9882 0.17211893520973492 0.9767
293000 0.10492637889191603 0.9882666666666666 0.17184373677879558 0.9771
293500 0.10472814033419595 0.9883 0.17221225163746462 0.9766
294000 0.10441734630026057 0.9883833333333333 0.17120201473719732 0.9767
294500 0.1044897626072167 0.9881666666666666 0.17136710825808124 0.977
295000 0.10408489421637761 0.9883333333333333 0.17133879903452207 0.9767
295500 0.10408628321623165 0.9883333333333333 0.17156489233162742 0.9768
296000 0.10380595839114728 0.9882833333333333 0.17169988681885714 0.9765
296500 0.1037060057563515 0.9884 0.17117456379113977 0.9769
297000 0.10336407810648966 0.9884166666666667 0.17134343928090293 0.9767
297500 0.10354919679158973 0.9883833333333333 0.17196628146668097 0.9768
298000 0.1031093278214057 0.98845 0.17108567337533043 0.9772
298500 0.10286219778282572 0.9884333333333334 0.1706200458153294 0.9771
299000 0.10272760764628823 0.9885333333333334 0.17080569171525448 0.9768
299500 0.10248185873602163 0.9885833333333334 0.17087776874682928 0.9768
300000 0.10246586424471545 0.9884333333333334 0.17088741371382044 0.9766
300500 0.1023333918436021 0.9887 0.1703312248014433 0.9765
301000 0.1020753437092999 0.9886833333333334 0.17019066959561177 0.9771
301500 0.10195715061438507 0.9886333333333334 0.1703290172319183 0.9771
302000 0.10164079037944035 0.9886166666666667 0.17037753433005765 0.9769
302500 0.10160286682646767 0.98865 0.16998103878131648 0.9769
303000 0.10164521267798002 0.9885333333333334 0.1706632293024509 0.9773
303500 0.1013377124903458 0.98845 0.17016339390161953 0.977
304000 0.10096547988275782 0.9886333333333334 0.169550887643808 0.9772
304500 0.10098692486477312 0.9887 0.17000341725132023 0.9768
305000 0.10066311587286422 0.9888 0.16956146762494226 0.9774
305500 0.10045154796131862 0.9887833333333333 0.16994631800437016 0.9773
306000 0.10025007494908532 0.9887833333333333 0.1697553142240974 0.9772
306500 0.10014404228998762 0.9889 0.1697264270403265 0.9772
307000 0.10025174715826095 0.9888166666666667 0.1700337093880919 0.9772
307500 0.10001089556399172 0.9888 0.16955971269774667 0.9773
308000 0.0996594542531413 0.9888833333333333 0.1694377474268903 0.9774
308500 0.09966728221522046 0.9888666666666667 0.1693544548980652 0.9771
309000 0.09925943864162155 0.9888833333333333 0.16927894959406714 0.9771
309500 0.09916107164964388 0.9890666666666666 0.16886898092441827 0.9768
310000 0.09910232796008811 0.98895 0.16950368217285944 0.9767
310500 0.09930488834516596 0.9888666666666667 0.1692661387000727 0.9773
311000 0.09879097679303518 0.9890333333333333 0.16857461152209505 0.9771
311500 0.09879208162426666 0.989 0.1692090351670457 0.9771
312000 0.09858632076817189 0.9891166666666666 0.16910263606699716 0.9773
312500 0.09827157573233908 0.9890833333333333 0.168915633472304 0.9774
313000 0.09818185240101593 0.98925 0.16798043615456656 0.9773
313500 0.09800472180794849 0.98905 0.16905161085971968 0.977
314000 0.09763858314020282 0.9891666666666666 0.16855009068573076 0.9776
314500 0.09792127972357274 0.9890166666666667 0.16907786831106983 0.9774
315000 0.09759490469346123 0.9891166666666666 0.16832055522589562 0.9775
315500 0.09721185842902028 0.9891833333333333 0.16797432163641537 0.9777
316000 0.0970347831074341 0.9892666666666666 0.16809038233865445 0.9775
316500 0.09726311384697703 0.98925 0.16826640495315748 0.9772
317000 0.09671755423673449 0.9891666666666666 0.1682354030083116 0.9773
317500 0.09701952219919437 0.9892666666666666 0.16859639898184545 0.9774
318000 0.09625051924443455 0.98935 0.16759194677601189 0.9775
318500 0.09640801240658388 0.9893 0.16786219212034054 0.9768
319000 0.09596468815657098 0.9893833333333333 0.1675817222524459 0.9775
319500 0.09602593830670351 0.9892333333333333 0.16771093029306394 0.9775
320000 0.09578201644840217 0.9894333333333334 0.1677193457959188 0.9774
320500 0.09577529233825365 0.9894166666666667 0.16806994238817824 0.9776
321000 0.09553586610076902 0.98925 0.16796909212663824 0.9772
321500 0.09591643394496173 0.9894333333333334 0.16818930522074177 0.9776
322000 0.09515047007401711 0.98955 0.16713463854322624 0.9772
322500 0.09497753377508304 0.98955 0.16693436395803482 0.9773
323000 0.09478520859946574 0.9894333333333334 0.16708686671739492 0.9776
323500 0.09462178697201361 0.9894833333333334 0.16717950531434111 0.9774
324000 0.09443829920323782 0.98955 0.16711651696203556 0.9776
324500 0.09439470504205928 0.9895333333333334 0.16718777208975857 0.9773
325000 0.09418838646902784 0.9895166666666667 0.16697796416081961 0.9776
325500 0.09409611733752458 0.9895166666666667 0.167002382873605 0.9774
326000 0.09396393840017522 0.9896 0.1667441640593867 0.9778
326500 0.09394798644618799 0.9894833333333334 0.16683848809466859 0.9773
327000 0.09370094875489063 0.98965 0.1668746723103636 0.9778
327500 0.09353741951587947 0.98965 0.16673755447833363 0.9776
328000 0.09329113639111546 0.9897 0.16617352195731558 0.9775
328500 0.0934772678336245 0.9895666666666667 0.16629478851439655 0.9771
329000 0.09305576661360854 0.9897166666666667 0.16648362357302499 0.9773
329500 0.09283800762872985 0.9897666666666667 0.16649408240349986 0.9771
330000 0.09286182360226347 0.9897666666666667 0.16603195375247984 0.9772
330500 0.09264537130714845 0.9897333333333334 0.1667018812448261 0.9776
331000 0.09240538302021183 0.9897166666666667 0.16659285174183022 0.9774
331500 0.0923577993411927 0.9897166666666667 0.16620646768848646 0.9774
332000 0.09232352466084731 0.9897833333333333 0.16665606970858646 0.9778
332500 0.09187691171013371 0.98985 0.1660190704400367 0.9776
333000 0.09179303374975978 0.9898666666666667 0.1660619862914811 0.9775
333500 0.09175379816781869 0.9898 0.1662789540395596 0.9778
334000 0.09144439349406376 0.9898166666666667 0.16590644348923056 0.9774
334500 0.09171880130149736 0.9897666666666667 0.16615140973930523 0.9773
335000 0.09131857086052508 0.9899833333333333 0.16567384239044133 0.9775
335500 0.09133604808519273 0.9899166666666667 0.16601951078689114 0.9776
336000 0.09113569322477205 0.98985 0.166150860753045 0.9775
336500 0.09081094556771284 0.98995 0.16578067529811316 0.9778
337000 0.09061142900751488 0.98995 0.16551097198049308 0.9777
337500 0.09098157584933525 0.9899166666666667 0.16587259185421707 0.9778
338000 0.09035553382584022 0.9899166666666667 0.1650072364242859 0.9778
338500 0.09019796186970455 0.99005 0.16534961980842094 0.9775
339000 0.09021007465797946 0.9900166666666667 0.16595824513813573 0.9777
339500 0.09012792792777384 0.9899666666666667 0.16519276141137595 0.9775
340000 0.08998925611215308 0.9899833333333333 0.16507229723775277 0.9777
340500 0.08985112506484984 0.9901333333333333 0.1656535063256746 0.9776
341000 0.08954488397604762 0.9901 0.1652469741124314 0.9779
341500 0.08941179114085937 0.9901333333333333 0.16522778424792922 0.9779
342000 0.08960270862424834 0.9901833333333333 0.16523580919548564 0.9775
342500 0.08912344953095391 0.9901333333333333 0.1650232256706877 0.9774
343000 0.08915947943489161 0.99015 0.16545894364317285 0.9774
343500 0.08878600725950293 0.9901666666666666 0.16445630949913256 0.9775
344000 0.08866391360091928 0.99015 0.16451254582681313 0.9774
344500 0.08865264443330796 0.9902 0.16456990239841088 0.9776
345000 0.08874738801601398 0.99025 0.16546652638760198 0.978
345500 0.08826673358990221 0.9902166666666666 0.16465619686381044 0.9773
346000 0.08814582837974204 0.9901666666666666 0.16430096977239494 0.9777
346500 0.08801233811826066 0.9902333333333333 0.16486803640676717 0.9777
347000 0.08787605039681477 0.9902333333333333 0.16447680449575916 0.9778
347500 0.08788306256036645 0.9902666666666666 0.16429272450204682 0.9774
348000 0.08777272431812601 0.9903 0.16447767804099708 0.9778
348500 0.08739547731371793 0.99035 0.16434529526978325 0.9778
349000 0.08740235087863753 0.9903 0.16379106811084043 0.978
349500 0.08718490910105045 0.9903333333333333 0.1638380341797115 0.9778
350000 0.08697243882988423 0.9903166666666666 0.16399903265400978 0.9779
350500 0.08715772120096243 0.9903333333333333 0.16399095203420505 0.9779
351000 0.08708443067959046 0.9903666666666666 0.1641644432000125 0.9778
351500 0.08663285248845454 0.9904166666666666 0.16392519866144115 0.978
352000 0.08648373803634951 0.9904 0.16434690763022847 0.9778
352500 0.08635381339537096 0.99045 0.16345999534622505 0.9776
353000 0.08638161094490263 0.9905 0.16369961757250845 0.9777
353500 0.08605319725329394 0.9904 0.16361593840350308 0.9781
354000 0.08614864656947215 0.9905333333333334 0.163763544757605 0.9778
354500 0.08607623049499957 0.9905333333333334 0.16420277496057573 0.9778
355000 0.08582473862946742 0.9905333333333334 0.16343791854937575 0.9778
355500 0.08560581047428466 0.9905833333333334 0.16390438965318022 0.9778
356000 0.08544798841000704 0.9905166666666667 0.16345862268268369 0.9779
356500 0.08537608307574708 0.9905833333333334 0.16307179732776372 0.9778
357000 0.0854021237068022 0.99055 0.16351475451966757 0.9778
357500 0.08524830438342476 0.9906166666666667 0.16339895804470586 0.9779
358000 0.08530673598162467 0.9906333333333334 0.16301315133327735 0.9776
358500 0.0848632761334248 0.9907166666666667 0.16309169829206557 0.9778
359000 0.08480927913082313 0.9906666666666667 0.16308320104173812 0.9778
359500 0.0844843220327665 0.9907 0.16339853745070412 0.9782
360000 0.0844191781291065 0.9906 0.16302950294089036 0.9782
360500 0.08440614287230086 0.9907 0.16237720541023948 0.9779
361000 0.08411761408106348 0.9908333333333333 0.16270165495472927 0.9781
361500 0.08406864761507955 0.9908 0.16310743889149237 0.9781
362000 0.08388463508172461 0.99075 0.16279642611560147 0.9781
362500 0.08370571533000619 0.9908333333333333 0.1629880116557409 0.9782
363000 0.08377725055305515 0.9907666666666667 0.16216477133272184 0.9775
363500 0.08357204834690304 0.9907833333333333 0.16229843184124979 0.9781
364000 0.08361182927288721 0.9908333333333333 0.16253309840302374 0.9782
364500 0.08339348320776856 0.9907666666666667 0.16246603390457165 0.9778
365000 0.08355041113210954 0.99085 0.1629350179333322 0.9781
365500 0.0832161895336179 0.9908 0.16210569047171117 0.9781
366000 0.08303720739335264 0.9908333333333333 0.1625858873252849 0.978
366500 0.08266067766102572 0.991 0.16243553554862725 0.978
367000 0.08282286691347807 0.9908833333333333 0.16270524857958804 0.978
367500 0.08240700179027645 0.9909333333333333 0.16213303246803382 0.9782
368000 0.08240968732237205 0.99095 0.16214386953818702 0.9782
368500 0.08225448108689316 0.9910166666666667 0.1623222665235963 0.9783
369000 0.0821281033366726 0.9908833333333333 0.16190038592374917 0.9784
369500 0.0823318254936593 0.99095 0.16254448141131742 0.9778
370000 0.08192274790334982 0.991 0.16180948189522693 0.9779
370500 0.08183609705575846 0.9910666666666667 0.16202711505036027 0.9777
371000 0.08189627544602113 0.9910166666666667 0.16244779824276695 0.9782
371500 0.08149370660278624 0.9909833333333333 0.16186715662377058 0.9779
372000 0.08154090524607853 0.991 0.16143243284389105 0.9779
372500 0.08126056052840991 0.9910333333333333 0.16139312592801316 0.9782
373000 0.08133814309819427 0.9910833333333333 0.16251280533556453 0.9781
373500 0.0809723540419861 0.9910666666666667 0.16166936417030273 0.9787
374000 0.08086719095251131 0.991 0.16142820967460492 0.9783
374500 0.0808252863693083 0.9911666666666666 0.16184042909671814 0.9781
375000 0.08073102050905423 0.991 0.16142593090605967 0.9778
375500 0.08061208117243067 0.9911 0.1617795127875099 0.9781
376000 0.08032031005901781 0.9911333333333333 0.16159314776396663 0.9781
376500 0.08023996832690376 0.9911166666666666 0.1616889522012387 0.9782
377000 0.08022214884994719 0.9911333333333333 0.1617729337860557 0.9784
377500 0.08002030118403146 0.9911166666666666 0.16138886934381916 0.9782
378000 0.0798995073523689 0.99115 0.1615956403499437 0.9785
378500 0.07978838614015708 0.99115 0.16112742821471027 0.9781
379000 0.07985327674648207 0.99125 0.16149420674588236 0.978
379500 0.07990054101549887 0.9912166666666666 0.1619481854762044 0.9782
380000 0.07943787354882255 0.9911333333333333 0.16104076089021085 0.9782
380500 0.07946154236375685 0.9912833333333333 0.1613846577591678 0.9785
381000 0.07950904608708467 0.99115 0.1610889943588531 0.9776
381500 0.07910776051042544 0.9911833333333333 0.16074966844180458 0.9781
382000 0.07917601593289607 0.9912333333333333 0.16081929449654037 0.9784
382500 0.07904894732405258 0.9913666666666666 0.16134304834141883 0.9781
383000 0.07870553139855677 0.99135 0.16101358201603067 0.9786
383500 0.07858615970213638 0.9913 0.16062361676689968 0.978
384000 0.0786109707119408 0.9912833333333333 0.16086975311352342 0.978
384500 0.0785522964817215 0.9913333333333333 0.16089585105493 0.9782
385000 0.07824668528853236 0.9913333333333333 0.1604568963391092 0.9778
385500 0.07830806974816719 0.99135 0.1609316582871846 0.9783
386000 0.07809552483714438 0.99135 0.16078652524157466 0.978
386500 0.07829725453896705 0.9914333333333334 0.16086914760781323 0.9786
387000 0.0782538277439725 0.9913666666666666 0.16095345950519288 0.9782
387500 0.07784383982702855 0.9914166666666666 0.16063040356614855 0.9782
388000 0.07776220666605174 0.9913833333333333 0.16080089575970302 0.9784
388500 0.07749465921517436 0.9915 0.16023216870844792 0.978
389000 0.07732565163218384 0.9914166666666666 0.1606991505673115 0.9782
389500 0.07742027786456976 0.9915 0.1609097597709747 0.9782
390000 0.0773532103683717 0.9915166666666667 0.16061379273822426 0.9785
390500 0.07700962127565684 0.9914833333333334 0.16013167013798918 0.9785
391000 0.07690217002348745 0.99145 0.16025595372070256 0.9782
391500 0.07679374954768667 0.9914666666666667 0.16083997996792967 0.9784
392000 0.07667522885244281 0.9915333333333334 0.16011698226777357 0.9781
392500 0.07675095006559329 0.9914666666666667 0.16026024131323285 0.9782
393000 0.0766427818807253 0.9915166666666667 0.15996611015680665 0.9784
393500 0.07644564314267323 0.9915666666666667 0.16040006971035242 0.9786
394000 0.07626268651769666 0.9916166666666667 0.16006134493082777 0.9782
394500 0.07613807834957619 0.9915833333333334 0.16007767705887185 0.9783
395000 0.07603552468070496 0.9915333333333334 0.1602875817892473 0.9786
395500 0.07605433809483175 0.99165 0.15984997890045777 0.9778
396000 0.07586482256952201 0.9916333333333334 0.15996805425340216 0.9778
396500 0.07579289660665221 0.9916333333333334 0.16005164853244663 0.9784
397000 0.07558231408854463 0.99165 0.15969238431279523 0.9779
397500 0.07556059460449145 0.9916166666666667 0.15970146234334984 0.9783
398000 0.07538368334092868 0.9916166666666667 0.15957506787414524 0.9784
398500 0.07534464567431465 0.9916666666666667 0.1601906850572338 0.9785
399000 0.07529113444740815 0.9916 0.16007553039795608 0.9785
399500 0.0751809419646167 0.9916833333333334 0.1599795743707638 0.9782
400000 0.074909317697014 0.9917166666666667 0.15946113471844364 0.9787
400500 0.07480241740309122 0.9917166666666667 0.15943499689667853 0.9783
401000 0.07477248115638828 0.9916166666666667 0.15942212389048416 0.9785
401500 0.07461763392120084 0.9917 0.15954748881103364 0.9781
402000 0.07458215686842995 0.9917166666666667 0.1595242494269937 0.9785
402500 0.07441259532306738 0.9917 0.1592167039791035 0.9783
403000 0.07429643233818682 0.9918 0.15956253060182657 0.9781
403500 0.07418824156425646 0.9917666666666667 0.15988514185300484 0.9785
404000 0.07404309318495571 0.9917333333333334 0.1591944162355113 0.9785
404500 0.0740436764507876 0.9917666666666667 0.15956403500407557 0.9784
405000 0.07390378936572807 0.99175 0.15931369162728237 0.9782
405500 0.07376724989085467 0.9917666666666667 0.158850698456854 0.978
406000 0.07373714230528677 0.9917833333333334 0.15949321888897097 0.9784
406500 0.07353895357391152 0.9917833333333334 0.1591388715203179 0.9787
407000 0.07346507461290479 0.9918333333333333 0.15933745845830605 0.9784
407500 0.07341098777108887 0.9918166666666667 0.15956472106754305 0.9785
408000 0.07330309332433081 0.9918333333333333 0.1592217483811994 0.9786
408500 0.07313532498103037 0.9919 0.1588390502465089 0.9782
409000 0.07301367337518457 0.9919 0.1589833149069454 0.9784
409500 0.073107470549486 0.9918833333333333 0.15922394706589788 0.9782
410000 0.07278084986585755 0.9918666666666667 0.158820770912871 0.9784
410500 0.07287152746206854 0.9918333333333333 0.1590619619174682 0.9783
411000 0.07265383517258897 0.9919166666666667 0.15891694363141737 0.9784
411500 0.07249110353225689 0.9919333333333333 0.15880855266768054 0.9782
412000 0.07245694348185266 0.9918833333333333 0.15881894315508052 0.978
412500 0.07238278289811177 0.9919166666666667 0.15840513632571396 0.9783
413000 0.07220754585699025 0.9918833333333333 0.15852145626691497 0.9782
413500 0.07212282117742305 0.9919833333333333 0.15882061816292764 0.9784
414000 0.07229206779858834 0.9920333333333333 0.15864853481927607 0.9781
414500 0.07198539231120538 0.9919166666666667 0.15848733051209782 0.9783
415000 0.07223565908620684 0.9919 0.1589032557795849 0.978
415500 0.07174358984473778 0.99195 0.15855126138942174 0.9784
416000 0.07166295358256583 0.99195 0.15832634592357492 0.978
416500 0.07149129933560064 0.992 0.15871054622986375 0.9785
417000 0.07148909529330535 0.9919833333333333 0.1585030600395634 0.9785
417500 0.07131696638971824 0.99195 0.15826587898397418 0.9781
418000 0.07132023152801385 0.9920166666666667 0.15833539724788442 0.9783
418500 0.07106065336691078 0.9921 0.15844981316827078 0.9785
419000 0.07108491548944992 0.9920833333333333 0.15884973217936563 0.9784
419500 0.07098051767875324 0.9921 0.15849799207620854 0.9784
420000 0.07101373524329974 0.99215 0.1588396655551699 0.9783
420500 0.07071284956227121 0.99215 0.15804695588107706 0.9783
421000 0.07067817804009367 0.9920666666666667 0.15847907443269954 0.9784
421500 0.07048474202764682 0.9920666666666667 0.15828382525376256 0.9784
422000 0.07044820521158274 0.9921666666666666 0.15828618829347388 0.9783
422500 0.07031799452122915 0.9921 0.158158675592274 0.9787
423000 0.07043268048647475 0.9921666666666666 0.15865622778672425 0.9786
423500 0.07021997253391259 0.9922166666666666 0.15847167610907864 0.9786
424000 0.07005944136595627 0.9921666666666666 0.15769404613920682 0.9782
424500 0.07009539053756043 0.9922166666666666 0.15793954283754327 0.9783
425000 0.0701164364713719 0.9921166666666666 0.15812714207871678 0.9782
425500 0.0697318165687423 0.9922666666666666 0.15818503206891738 0.9784
426000 0.06965289068000405 0.9922333333333333 0.15816222532457236 0.9784
426500 0.06954478088535175 0.9921833333333333 0.15759247438564897 0.9784
427000 0.06940155183757805 0.9922 0.15778538866511962 0.9784
427500 0.06948846636779192 0.9922333333333333 0.1577153025077635 0.9784
428000 0.06927748163393242 0.9922666666666666 0.15801603843300405 0.9785
428500 0.06912616357121326 0.99225 0.1579608455007662 0.9785
429000 0.06905064916379995 0.99225 0.15754266357320754 0.9785
429500 0.06896677714979992 0.9923 0.157786071389556 0.9782
430000 0.06890920777511615 0.99235 0.15764509621589168 0.9784
430500 0.0688591931081578 0.9923333333333333 0.1579554281516076 0.9785
431000 0.06879190514170279 0.9922833333333333 0.15751110857183725 0.9785
431500 0.06872979712171086 0.9922666666666666 0.1572796117977724 0.9782
432000 0.06856504497889984 0.9922833333333333 0.15775610681103838 0.9783
432500 0.06837028265238376 0.9923 0.1573986637677708 0.9785
433000 0.06842543502081465 0.9922666666666666 0.15761879602879436 0.9784
433500 0.068266523362592 0.9924 0.15771101985590255 0.9785
434000 0.06815620843605509 0.9923833333333333 0.15732585985275754 0.9782
434500 0.06810637296620288 0.9924666666666667 0.15759985113432046 0.9787
435000 0.06793600126250933 0.99245 0.15729740931110348 0.9784
435500 0.0679128724943681 0.9923666666666666 0.15736970371812475 0.9784
436000 0.06789669009298348 0.9924166666666666 0.15753347420270988 0.9786
436500 0.067629753289335 0.9924666666666667 0.15734249880809295 0.9785
437000 0.06760128780693511 0.9925166666666667 0.15733080495255006 0.9788
437500 0.06758684563321751 0.9925166666666667 0.15724605839102734 0.9782
438000 0.0673588160608032 0.9924833333333334 0.1572945008839223 0.9787
438500 0.06743574332779594 0.9924833333333334 0.15685138918640243 0.9782
439000 0.06720338917657827 0.9926166666666667 0.15720356379174288 0.9784
439500 0.06709609982943571 0.9924833333333334 0.15702265502440046 0.9786
440000 0.06713349732699005 0.9924166666666666 0.15674940728699382 0.9784
440500 0.06706350099503654 0.99255 0.15698596155466948 0.9784
441000 0.06687038414382003 0.9924666666666667 0.15710698612452997 0.9783
441500 0.06678585740599985 0.9925333333333334 0.1569522253818593 0.9786
442000 0.06669473708804859 0.99255 0.1572460263223717 0.9785
442500 0.06660139378036849 0.9925166666666667 0.1570533514946217 0.9784
443000 0.06664377418414184 0.9925333333333334 0.15695383832494114 0.9785
443500 0.0665616775322465 0.9926166666666667 0.15757313719456414 0.9788
444000 0.06626893322013433 0.9925333333333334 0.1567022447113791 0.9784
444500 0.06638064400496177 0.9926 0.15738182872180534 0.9786
445000 0.06636359671321924 0.9926166666666667 0.15676575858050878 0.9783
445500 0.06606895172570254 0.9926333333333334 0.15677499286777866 0.9785
446000 0.0659813059476084 0.9926 0.15664898307392428 0.9784
446500 0.06580308383191977 0.9926666666666667 0.1568273556468421 0.9785
447000 0.06576346815781506 0.9927166666666667 0.15704447176936026 0.9789
447500 0.0657741100015148 0.9926166666666667 0.15627450099622353 0.9787
448000 0.06567866416385368 0.9926166666666667 0.1564706236052752 0.9787
448500 0.06577031803037672 0.99265 0.15668722843452934 0.9788
449000 0.06555287433133188 0.9926166666666667 0.1567238387715694 0.9784
449500 0.06543643031482967 0.9926833333333334 0.1565146396022258 0.9787
450000 0.0653135209197182 0.99265 0.15655453143619488 0.9784
450500 0.06512808643397412 0.9927333333333334 0.1562354480265163 0.9783
451000 0.06530314405698712 0.9926666666666667 0.15720147477191393 0.9787
451500 0.06505220236052517 0.9927833333333334 0.15654145902384492 0.9786
452000 0.06515435163790134 0.9928166666666667 0.15670792572300618 0.9785
452500 0.06489312847253485 0.9927833333333334 0.15639864067022818 0.979
453000 0.06491515755063786 0.9927166666666667 0.1563748928228984 0.9786
453500 0.06481673454653099 0.9927666666666667 0.1568471560689543 0.9782
454000 0.06458214523727587 0.9928 0.15655772920430833 0.9785
454500 0.06463936685172791 0.9928333333333333 0.15616841204137277 0.9787
455000 0.06438659148207772 0.9928666666666667 0.15640603437506295 0.9783
455500 0.0645334572075375 0.99295 0.15651120528568624 0.9789
456000 0.06451091507731742 0.9928166666666667 0.15694889292827788 0.9788
456500 0.06419447901237312 0.9928333333333333 0.1561778243204955 0.9785
457000 0.06417942351099945 0.9928333333333333 0.15600849032240935 0.9786
457500 0.0641210139182918 0.9928166666666667 0.15622735778889718 0.9781
458000 0.06389781983770425 0.99285 0.15593546615450454 0.9784
458500 0.06384489315617216 0.9929666666666667 0.15613305380480746 0.9788
459000 0.06369454477349243 0.9928833333333333 0.15616221746485692 0.9786
459500 0.06359101170418663 0.9928166666666667 0.15611630898063908 0.9789
460000 0.06359909887562046 0.99295 0.15616865292995202 0.9792
460500 0.06345579591340733 0.9929666666666667 0.1561311575132212 0.9786
461000 0.06337767494629495 0.9929333333333333 0.1560150122198222 0.9787
461500 0.06333559084162173 0.99295 0.15624582081818153 0.9788
462000 0.06324642965499823 0.9929166666666667 0.15578367073106672 0.9787
462500 0.06330877066688424 0.993 0.15659060294901866 0.979
463000 0.0630439680241275 0.9929833333333333 0.1557514688515219 0.9788
463500 0.06301653014696196 0.9928833333333333 0.15577801059165058 0.9786
464000 0.06292762192497592 0.993 0.15591605710586798 0.9787
464500 0.06289742694560363 0.9930833333333333 0.15571919388017172 0.9785
465000 0.06285989137809869 0.993 0.15575198991146583 0.9787
465500 0.06266214345018585 0.9931 0.15570081307839972 0.979
466000 0.06265775105729174 0.9931166666666666 0.1556855788412362 0.9792
466500 0.06258885120721994 0.9931166666666666 0.15611466338660696 0.9786
467000 0.06242795732550812 0.9930666666666667 0.1558246045145151 0.9784
467500 0.06240346926635194 0.99305 0.1554356789895952 0.9789
468000 0.062301844866447666 0.99305 0.15552856295121856 0.9788
468500 0.06220584978067674 0.9930833333333333 0.15553662627068077 0.9787
469000 0.06207007697958094 0.9931 0.1554224006666663 0.9789
469500 0.062180627178027824 0.9930833333333333 0.15538646868933007 0.9788
470000 0.06205852427231155 0.9930666666666667 0.15509985990232775 0.979
470500 0.06187328176198074 0.9931 0.1554942233023599 0.9789
471000 0.06191665688296575 0.9931333333333333 0.1558416284359649 0.9786
471500 0.06177178638810801 0.9932166666666666 0.15583544683207978 0.9786
472000 0.061782590935565575 0.9931833333333333 0.1557553833048984 0.9787
472500 0.06151429142953281 0.9932333333333333 0.15540043071907272 0.9787
473000 0.061453717877951224 0.9931166666666666 0.15558271498043147 0.9788
473500 0.06164159881463534 0.9932166666666666 0.1555537234645765 0.9785
474000 0.061310747365726094 0.99315 0.15535605362313643 0.9788
474500 0.0613026996665612 0.9932333333333333 0.1552842388344362 0.979
475000 0.06137793446825946 0.9930833333333333 0.15512070317608348 0.9791
475500 0.06103892587504606 0.9932333333333333 0.15513137513235326 0.9788
476000 0.061229375017512425 0.9932666666666666 0.15582020104081246 0.9791
476500 0.06096519720550791 0.99325 0.15519477874134988 0.9791
477000 0.061040629072006185 0.9932333333333333 0.1553087349946308 0.979
477500 0.06078479079629092 0.9932 0.15536375343520104 0.9792
478000 0.06079548397096865 0.9933666666666666 0.15513852441940362 0.9788
478500 0.060670305588696155 0.9933333333333333 0.15515634532403316 0.979
479000 0.06056401857384327 0.9932666666666666 0.15492295388196917 0.979
479500 0.06058529700887086 0.9933333333333333 0.15539482125157078 0.979
480000 0.060508403410494585 0.9933166666666666 0.1547820790542003 0.9787
480500 0.06029127593933912 0.9933333333333333 0.1548541203846653 0.9788
481000 0.0602177388386978 0.9933833333333333 0.15468594357342177 0.9788
481500 0.06021600483658903 0.9933166666666666 0.15501593965765112 0.979
482000 0.06026641821579364 0.9932166666666666 0.15485079085930203 0.9787
482500 0.059989698848664945 0.9933833333333333 0.15500277433213702 0.9789
483000 0.05989235957123858 0.9933166666666666 0.1549063213833954 0.9789
483500 0.05995705657780681 0.99335 0.15516701875205186 0.9787
484000 0.05978728665030497 0.9933666666666666 0.1551183957259782 0.9791
484500 0.05968360420194139 0.9934333333333333 0.15493930959797433 0.9788
485000 0.05978777480724439 0.9934166666666666 0.15458856611886568 0.9791
485500 0.059613712906844404 0.9934 0.1547157611907433 0.9788
486000 0.05959240578918157 0.9933333333333333 0.15509556707357494 0.9789
486500 0.059413006042488004 0.9934166666666666 0.1547713556911001 0.979
487000 0.05928144770869519 0.99345 0.1549573808130874 0.979
487500 0.05929058487151957 0.9934166666666666 0.1546133333184982 0.979
488000 0.059379260477676776 0.99345 0.15529149005484513 0.9793
488500 0.05927179585834228 0.9934666666666667 0.15532269158065756 0.9788
489000 0.05915551523688679 0.9934833333333334 0.15493512151328637 0.9794
489500 0.05902664474258557 0.99345 0.1547093321473981 0.9789
490000 0.05893851105719368 0.9935 0.15481413284380743 0.979
490500 0.05887112971824851 0.9934666666666667 0.1548327603772188 0.9791
491000 0.05876823888084586 0.9934666666666667 0.1542691829681112 0.979
491500 0.058729534842035164 0.9934166666666666 0.1546764308101431 0.9787
492000 0.05863244000642192 0.9935 0.15485783280839982 0.9788
492500 0.05882851693554337 0.9934 0.1547410170456153 0.9786
493000 0.05851961017626691 0.9935333333333334 0.15471121666554324 0.9789
493500 0.05843597368991074 0.9935333333333334 0.15479053303617415 0.9788
494000 0.05832765360218211 0.9934833333333334 0.15445114220382572 0.9791
494500 0.058454496718165626 0.9934166666666666 0.1545780084780752 0.9787
495000 0.05822780541901636 0.9934833333333334 0.1544717404472972 0.9788
495500 0.05812357033547022 0.9935 0.1542614633933365 0.9787
496000 0.0581104743598396 0.9935166666666667 0.15466735127189654 0.979
496500 0.05798664667740576 0.9934666666666667 0.15419324049742528 0.9789
497000 0.058100875006232025 0.9935 0.1552525183929506 0.9789
497500 0.05794358693980154 0.9936 0.15447195261018348 0.9789
498000 0.05779074107906376 0.99345 0.15431230623488448 0.9791
498500 0.0577753144761826 0.9935666666666667 0.15476772648398407 0.9792
499000 0.057659242559699966 0.99365 0.15414680211548762 0.9789
499500 0.05759972638059649 0.9936666666666667 0.15447172832998582 0.9788
500000 0.05752503092919477 0.99365 0.15415487485747012 0.979
